gen,ind,genomeh,genomehp,genomeo,fitness
2,0,"[array([ 0.78535043,  0.80799189,  0.55431418,  0.71080211, -0.55665547,
       -0.67885267, -1.38180016, -0.63259348, -0.97069794,  0.86009889,
       -0.91258087,  0.58834285,  0.31970789, -0.55246148]), array([ 0.84071253, -0.96444301,  0.6196521 ,  0.89074682,  0.70409385,
       -0.64500021, -0.66461573, -0.07424249, -0.22664649,  0.25200186,
       -0.75296086,  0.44982458, -0.18660313, -0.83155664]), array([-0.86082134,  0.46426031, -0.25941451,  0.86539552,  0.75005427,
       -0.48302709, -0.41388521,  0.58339732, -0.40966114, -0.32597541,
        0.00534799,  0.48215022, -0.06434985,  0.10745404]), array([ 0.29757307,  0.66679435, -0.5469628 ,  0.38070049,  0.69033875,
       -0.19086854,  0.84597156, -0.67281542, -0.93774913,  0.01339401,
        0.46699266, -0.87268993,  0.17698136, -0.53325865]), array([ 0.9518652 ,  0.28894939, -0.64648676, -0.47297985, -0.40451946,
        0.09057319,  0.42460027,  0.43498199, -0.93254773, -0.17615912,
        0.13039872,  0.87918169,  0.21333199, -0.13568338]), array([ 8.52247589e-01, -1.67809861e+00, -3.09910565e-01, -9.63606960e-01,
       -6.21315287e-01,  1.09534808e-01, -6.34944706e-01,  4.76327915e-01,
        1.24719485e+00,  1.32614628e-03,  4.37354288e-01, -2.55255044e-01,
        3.22405846e-01,  3.34465869e-01])]","[array([ 0.92195963, -0.41145197,  0.9554641 , -0.85292071,  0.63370157,
       -0.72354381,  0.14467989, -0.29994084,  0.81233122,  0.16402183,
        0.93738631, -0.81713881, -0.9202052 , -0.80591257]), array([-0.00441222, -0.85733241,  0.97817386, -0.29437174,  0.29882278,
        0.896634  , -1.07035092, -0.58823671,  0.24602851, -0.36122655,
        0.02349222, -0.83883069, -0.17024916, -0.06237569]), array([-0.63029047, -0.16456997,  0.03196813, -0.06387598, -0.37471989,
        0.52743544,  0.47534694, -0.2319273 , -0.35312639,  0.59865637,
        0.13402814, -0.78800193,  0.20282681, -0.25692311]), array([-0.68184365, -0.87697345, -0.950171  , -0.93327516, -0.56233707,
        0.50383288, -0.3164581 ,  0.49722466, -0.42904293, -0.58213   ,
       -0.18610021,  0.12491531, -0.8864008 , -0.88213514]), array([-0.41354599,  0.87553019,  0.83514082,  0.71201116, -0.56894618,
        0.08312138,  0.04458444, -0.83038665, -0.63980791, -0.49974401,
        0.21981459, -0.90775883,  0.6157572 ,  0.87318091]), array([ 0.1595675 , -0.56038064,  0.01248057,  0.32050489, -0.08830095,
       -0.70104369,  0.40408306,  0.58188849, -0.82218582, -0.56277159,
       -0.09004011,  0.50458689, -0.73506589, -0.38552969]), array([ 0.05174885,  1.60171564, -0.28550948, -0.06466848, -0.67063704,
        0.21209859, -0.39731076,  0.31711187,  0.54173847, -0.26507061,
       -0.3316606 ,  0.0578309 , -0.27065013, -0.87935529]), array([ 0.09837756,  0.45451248, -1.13977359,  0.11408776,  0.13481012,
        0.38573376, -1.56499013, -0.79479775, -0.07819238,  0.9298958 ,
       -0.1047481 ,  0.78991226, -0.20028321, -0.72488975])]","[array([ 0.19796021,  0.2681403 , -0.56333342,  0.1491822 , -0.26424302,
       -0.01588332,  0.3481422 ,  0.13179836]), array([ 0.31318596,  0.4345594 , -0.10786292,  0.64765312, -0.33186955,
        0.10193755,  0.53152687, -0.8500119 ]), array([ 0.41277258,  0.28342424, -0.91665857, -0.47666693, -0.48558676,
        0.14249438, -2.95086649,  0.4058389 ]), array([-0.9176777 , -0.53357729, -1.02404404, -0.62558757, -0.76588033,
        0.64737138,  0.01305573, -0.61628932]), array([ 1.82053751e+00,  3.56725729e-02,  4.80365804e-01,  7.02913790e-01,
       -9.59851381e-01,  2.37210840e-02, -2.50059037e-04,  7.90904961e-01]), array([ 0.87687891,  0.24061492,  0.43290312, -0.32405324,  0.52484493,
        0.09865949,  0.40260519, -0.21763882]), array([-0.50962637, -0.14502825, -0.16232889, -0.30600966, -0.26774469,
        0.07724529,  0.49199382, -0.3645999 ]), array([ 0.62750241, -0.47823704,  0.10272217,  0.04702928,  0.31759123,
        0.71579248, -0.6008916 ,  0.6640447 ]), array([ 0.22887434,  0.74601597, -0.82515768,  0.69713868, -0.25245185,
        0.1081498 ,  0.66314693,  0.93310319]), array([-0.36048859,  0.21395339,  0.8659543 ,  0.85515588,  0.539651  ,
       -0.51128443, -0.67493554, -1.83512552]), array([ 0.3322995 ,  0.47956732,  0.21607633, -1.77579526,  0.69057796,
       -0.74352822,  1.36416209, -0.19732879]), array([-0.37621534, -0.40441197,  0.42241965,  0.03201784,  0.06029218,
        0.80672403, -0.51361345, -0.41821896]), array([ 0.39710869, -0.73352238, -0.58134036, -1.7053647 ,  0.31834645,
        0.1852848 ,  0.10825943,  0.64861331]), array([-0.93327717, -0.9930547 ,  0.61062261,  0.4251131 , -0.01442181,
        0.52328356, -0.52306878,  0.75369841])]",-1.0078277587890625
2,1,"[array([ 0.6829192 , -0.18140111, -0.76424932,  0.52654056, -0.48859846,
        0.07213061, -0.85396147, -0.21792407,  0.99722407, -0.21089345,
       -0.58514291,  0.8708933 ,  0.91013192,  0.9539997 ]), array([-0.28382071, -0.02208633, -0.50003091,  0.90808562,  0.76660352,
        0.62374644,  0.28149823, -0.81935215, -0.34965373, -0.08052306,
       -0.98100837, -0.65942101, -0.20100786,  0.74766836]), array([-0.95594327,  0.06298429,  0.32420335,  0.74906876, -0.55530358,
       -0.73505175,  0.67142218, -0.73990613, -0.04197679, -0.18141089,
        0.78956593, -0.42102783,  0.19070181, -0.61248913]), array([ 0.75623821, -0.65963257, -0.17151945, -0.70932809, -0.91617353,
       -0.52139416,  0.21925525, -0.40898311,  0.54033943, -0.09060931,
       -0.48664675, -0.13125774, -0.64569809,  0.5073495 ]), array([ 0.29705239,  0.69266023, -0.86705322,  0.27244132,  0.54172629,
        0.56227881,  0.05384331, -0.10525575, -0.81059568,  0.80308575,
        0.09952737, -0.40610553, -0.55592025,  0.89373104]), array([-0.91999323,  0.07280921, -0.56003072, -0.63605463, -0.77748576,
        0.23593736, -0.51588871,  0.70326702,  0.16996459, -0.90142896,
       -0.00788747,  0.0754759 , -0.29667559,  0.44064515])]","[array([ 0.48072509, -0.16089739, -0.61995078,  0.32159777, -0.46618426,
       -0.16552902, -0.72941725,  1.9663697 , -0.10660867, -0.92128545,
        0.57416885, -0.94447744, -0.77776933,  0.64920318]), array([-0.16421825,  0.73389711,  0.31322532,  0.29993128, -0.64713461,
       -0.85411223,  0.01079175, -0.26721327, -0.97609152, -0.48393823,
       -0.221976  , -0.15176006,  0.08258407,  0.68396251]), array([ 0.69302616,  0.35169845, -0.13029699, -0.59092489,  0.27217251,
       -0.30396068, -2.56986796, -0.27048772,  0.0124682 ,  0.36367937,
       -0.23612086, -0.11680099, -0.7796325 , -0.35281071]), array([-0.32464635,  0.91370422,  0.16977717,  1.06960704, -0.76892956,
       -0.76888394,  0.37232509,  0.20161019, -0.61079307, -0.76235367,
       -0.51334791, -0.63308195, -0.31367282, -0.57231984]), array([-0.95925635,  0.63496257, -0.03313212,  0.35429342,  0.69171763,
        0.79063127, -0.034251  ,  0.79368396,  0.22548554, -0.50092547,
        0.45748052,  0.26466928, -0.47260241,  0.96570287]), array([-0.16946365,  0.67573013,  0.07219646, -1.60902195,  0.43504844,
       -0.04910145,  0.10604392, -0.01001947, -0.45484032,  0.59728344,
       -0.98410021, -0.6933851 ,  0.4265193 ,  0.33103805]), array([ 0.89020083, -0.75402726,  0.37388138, -0.2373212 ,  0.67358841,
       -0.75471697,  0.45979149, -0.82744857, -0.44810272,  0.16341027,
       -0.34916636, -0.06783874, -0.67628908,  0.51510721]), array([ 0.08706832,  0.52962292, -0.10615291, -0.55311583,  0.13898295,
       -0.57711852,  0.37773455,  0.30492982,  2.34917872,  0.17967086,
       -0.65625142, -0.46269923, -0.50035634, -0.94762878])]","[array([ 0.19796021,  0.2681403 , -0.56333342,  0.1491822 , -0.22762611,
       -0.01588332,  0.3481422 ,  0.13179836]), array([ 0.19127429,  0.4345594 , -0.10786292,  0.64765312, -0.33186955,
        0.10193755,  0.71340846, -0.8500119 ]), array([ 0.41277258,  0.28342424, -0.91665857, -0.47666693, -0.48558676,
        0.14249438, -1.228991  ,  0.4058389 ]), array([-0.9176777 , -0.53357729, -0.51700245, -0.62558757, -0.27707305,
        0.64737138,  0.01305573, -0.61628932]), array([ 4.82447881e-01,  3.56725729e-02,  4.80365804e-01,  7.02913790e-01,
       -9.59851381e-01, -1.08010902e-01, -2.50059037e-04,  7.90904961e-01]), array([ 0.82860505,  0.24061492,  0.43290312, -0.32405324,  0.52484493,
        0.09865949,  0.40260519, -0.18925254]), array([-0.50962637, -0.14502825, -0.16232889, -0.30600966, -0.26774469,
        0.07724529,  0.49199382, -0.3645999 ]), array([ 0.62750241, -0.47823704,  0.10272217,  0.04702928,  0.31759123,
        0.71579248, -0.6008916 ,  0.6640447 ]), array([ 0.46660959,  0.74601597, -0.82515768,  0.69713868, -0.25245185,
        0.07984177,  0.66314693,  0.93310319]), array([-0.36048859, -0.40700719,  0.8659543 ,  0.85515588,  0.539651  ,
       -0.51128443, -0.67493554, -1.83512552]), array([ 0.3322995 ,  0.47956732,  0.21607633, -1.77579526,  0.69057796,
       -0.74352822,  0.93547695, -0.19732879]), array([ 0.30184252, -0.40441197,  0.42241965,  0.03201784,  0.06029218,
        0.80672403, -0.51361345, -0.37856274]), array([ 0.34951437, -0.73352238, -0.58134036, -0.89597132,  0.31834645,
        0.1852848 ,  0.10825943,  0.64861331]), array([-0.93327717, -0.9930547 ,  0.61062261,  0.4251131 , -0.01442181,
        0.52328356, -0.52306878,  0.75369841])]",-0.9740102767944336
2,2,"[array([ 0.78535043,  0.6553153 ,  0.55431418,  0.71080211, -0.31760167,
       -0.67885267, -0.64052252, -0.63259348, -0.97069794,  0.86009889,
       -0.91258087,  0.58834285,  0.31970789, -0.55246148]), array([ 0.84071253, -3.24214705,  0.6196521 ,  0.89074682,  0.99267074,
       -0.64500021, -0.43609534, -0.07424249, -0.22664649,  0.25200186,
       -0.75296086,  0.44982458, -0.09918711, -0.83155664]), array([-0.30285851,  0.12569528, -0.25941451,  0.86539552,  0.75005427,
       -0.48302709, -0.49702492,  0.58339732, -0.40966114, -0.32597541,
        0.00534799,  0.60283078, -0.06434985,  0.10745404]), array([ 0.29757307,  0.66679435, -0.5469628 ,  0.30233091,  0.69033875,
       -0.19086854,  0.84597156, -0.3330642 , -0.93774913,  0.10721131,
        0.46699266, -0.87268993,  0.17698136, -0.53325865]), array([ 0.9518652 ,  0.28894939, -0.64648676, -0.47297985, -0.40451946,
        0.65898905,  0.20573003, -0.31137613, -0.93254773, -0.17615912,
        0.13039872,  1.16312688,  0.21333199, -0.31582936]), array([ 0.85224759, -0.90670455, -0.30991056, -0.96360696, -0.62131529,
        0.10953481,  0.43467906,  0.36678357, -0.54208521, -0.99218129,
        0.43735429, -0.25525504,  0.07094261,  0.33446587])]","[array([ 0.92195963, -0.40807867,  0.9554641 , -0.85292071,  0.63370157,
       -0.72354381,  0.14467989, -0.29994084,  0.81233122,  0.16402183,
        0.93738631,  0.77647388, -0.9202052 , -0.80591257]), array([-0.13831394, -0.85733241,  0.97817386, -0.2396354 ,  0.29882278,
        0.896634  , -0.79371966, -0.27291773,  0.24602851, -0.36122655,
       -0.08786332, -0.83883069, -0.17024916, -0.33296338]), array([-0.63029047,  0.59006419, -0.17986995, -0.28388296, -0.39268423,
        0.21488196,  0.12587179, -0.14144017, -0.31496106, -0.8119954 ,
       -0.29855811, -0.83965676,  0.43843944, -0.96530822]), array([-1.41360429,  0.78578108, -0.30053203, -0.37049027,  0.49963043,
        0.5222692 ,  0.77797667,  0.12744469, -0.37151763, -0.38975311,
       -0.03779711,  0.00906428, -0.52624136, -0.30096957]), array([ 0.81527309, -0.27231869, -0.7760803 , -0.63407601, -0.7905133 ,
       -0.92863427, -0.25341975, -0.86168573, -0.06682662, -0.61561737,
       -0.3965524 ,  0.82744477, -0.275337  , -0.62886158]), array([-0.88243868,  0.47484211, -0.0267726 , -0.36052728, -0.06071334,
        0.51055991,  0.83191843,  0.5360053 ,  0.60614083, -0.70065344,
        0.63044807,  0.62201167, -0.31111864, -0.08096996]), array([-0.46016404, -0.17466518,  0.00946387,  0.60261661,  0.93437418,
       -0.23454414, -0.92541496, -0.96676991,  0.80913444, -0.31377098,
        0.01011463,  0.71592201,  0.61560894,  0.03442982]), array([ 0.97139531,  0.94678818,  0.3797162 ,  0.26951784,  0.99548667,
        0.61707676,  0.46565118,  0.01934977,  0.75908449, -0.47784638,
        0.57333836,  0.18449597,  0.24746249, -0.00204139])]","[array([-0.71645545,  0.77142289, -0.14758505, -0.72907152, -0.59635853,
       -0.35627006,  0.65986406, -0.965256  ]), array([ 0.88630133, -0.41693974, -1.75844254, -0.50233786, -0.41589421,
       -1.32163098,  0.51961772, -0.72215061]), array([-0.87845536,  0.56054982, -0.83685693,  0.75880472, -0.69818342,
        0.88855325,  0.19557789,  0.56695866]), array([-0.91811881, -0.07450096,  0.48040153,  2.17040779, -0.56503595,
       -0.43875738,  0.65483715,  0.16543032]), array([ 0.2678893 ,  0.05700071, -0.92142502,  0.48180406,  0.32177417,
        0.06528754,  0.24718682, -0.59450277]), array([ 0.92955443,  0.35347987,  0.96728194,  0.92468584, -0.20844324,
       -0.88185298, -0.68336394,  1.47245835]), array([-0.04933502,  0.48850107, -0.86862161, -0.18329758,  0.43692694,
       -0.15058728, -0.31153728,  0.47638632]), array([-0.81329165,  0.38907378, -0.92520541, -0.22835973,  0.24237149,
       -0.06773325,  0.6014215 ,  0.16635863]), array([-0.31291707, -0.89098667,  0.00389562, -1.11183595, -0.49736576,
       -0.49070403, -0.89715288, -0.57896321]), array([-0.35399285, -0.54987859,  0.05437265, -0.35673588,  0.12792178,
        0.72748089, -0.01984601, -0.29228313]), array([-0.42759365, -0.47071121,  0.43472909,  0.89229992,  0.49223816,
       -0.99454308,  0.76535587,  0.13007868]), array([ 0.34462963,  0.52084219, -0.79357676, -0.88663215, -0.24026029,
        0.57297914,  0.10417807,  0.36544553]), array([-0.77109888,  0.24678427,  0.91253134, -0.16070261, -0.79056024,
       -0.57481633,  0.75068845,  0.26633765]), array([ 0.43190592, -0.80165033, -0.68211392, -0.74781387, -0.50469567,
        0.57704891,  0.45509848, -0.37370295])]",0.21401844024658204
2,3,"[array([-0.83050789, -0.10265858,  0.21141951,  0.91212652, -0.06276608,
       -0.5557251 ,  0.03089212, -0.42583221,  0.14365391, -0.11013373,
        0.09663174,  0.2321873 ,  0.89564816,  0.83693472]), array([-0.18383824, -0.76129116,  0.97843043, -0.36323389,  0.99517115,
        0.01955474, -0.88714504,  0.46516554,  1.31819719, -0.39235108,
        0.04385484, -0.77627044,  0.49113821,  0.38050034]), array([-0.42354857,  0.61748008,  0.41211287, -0.8978045 ,  0.92204686,
        0.9922276 , -0.42871195,  0.69035138, -0.61020672,  0.30210237,
        0.63290442,  0.87145239,  0.56950122, -0.85859792]), array([-0.80274925, -0.48017913,  0.65969775, -0.65575804, -0.54785302,
       -0.70401319,  0.23142338, -0.66593917,  0.62613368,  0.18979575,
       -0.80207726,  0.64564722,  0.18856301,  0.09151155]), array([ 0.87815663, -0.04295889,  0.14587356, -0.04335589,  0.19340488,
        0.70090111,  0.05042178, -0.55083874, -0.48858334,  0.35008453,
       -0.84935306,  1.29682224, -0.80727497,  0.18953242]), array([-0.23571371,  0.58674767, -0.05311681, -0.12259585, -0.84044741,
        0.73534795,  0.01757341, -0.95926471,  0.25377726, -1.20682331,
       -0.41254306, -0.43217222, -0.13501326, -0.16992919])]","[array([-0.37899901, -0.08827773, -0.51792842,  0.35263234,  0.91049781,
       -0.4715104 ,  0.12913058, -0.71319188,  0.64220023, -0.16362351,
        0.0905472 , -0.48953308,  0.41874313,  0.1258995 ]), array([-0.51972466, -0.64114788,  0.66319513, -0.46302613, -0.63689635,
       -0.45487782, -0.19005739, -0.03776562, -0.53064003,  0.7821532 ,
        0.73141257,  0.14198801,  0.02598414,  0.5603838 ]), array([ 0.27096193, -1.26116612,  0.62176428,  0.90611844,  1.03451563,
        0.92430162, -2.17173284,  0.69242513,  1.33604999, -0.97899746,
        0.26657726,  0.53924702,  0.44198311,  0.61014534]), array([-0.72267159,  0.07162582, -0.01092794, -0.54019746,  0.77366998,
       -0.54396813, -0.05569342,  0.77322345,  0.20095332,  0.6840647 ,
       -0.12659072,  0.49636492,  0.21964723, -0.85713388]), array([-0.14080845, -0.58038903,  0.08917501,  0.87669575, -0.56471054,
        0.4408268 ,  0.19454371,  0.37186114, -0.0230818 , -0.0193275 ,
       -0.89708327,  0.25857548,  0.71398525,  0.04961277]), array([-0.54521626, -0.45192702, -0.92815756,  0.75053506,  0.35039411,
        0.31486277,  0.07018012,  0.02591266,  0.07875345, -0.62878051,
        0.44074433,  0.55102748, -0.85755899,  0.23947491]), array([-0.88606449,  0.29354797,  0.94592331, -0.08021303, -0.82045388,
       -0.87442529,  0.52467796,  0.53439375,  0.09478503, -0.29945747,
        0.73278583, -0.4746614 ,  0.95223858,  0.93561923]), array([-0.86167549,  0.90368799, -0.70397603,  0.98902523, -2.69956843,
       -0.11922077,  0.2560771 ,  0.5990288 , -0.54407155, -0.17507154,
        0.05691329, -0.99917127, -0.69261824,  0.03716684])]","[array([-0.79669561,  0.77142289, -0.14758505, -0.72907152, -0.59635853,
       -0.35627006,  0.65986406, -0.965256  ]), array([ 0.88630133, -0.41693974, -0.97178597, -0.50233786, -0.41589421,
       -1.32163098,  0.51961772, -0.72215061]), array([-0.87845536,  0.56054982, -1.21220456,  0.75880472, -0.69818342,
        0.88855325,  0.19557789,  0.56695866]), array([-0.91811881, -0.07450096,  0.48040153,  2.17040779, -0.56503595,
       -0.43875738,  0.65483715,  0.16543032]), array([ 0.2678893 ,  0.05700071, -0.92142502,  0.48180406,  0.32177417,
        0.06528754,  0.24718682, -0.59450277]), array([ 0.92955443,  0.35347987,  0.96728194,  1.74477642, -0.20844324,
       -0.88185298, -0.68336394,  0.82569543]), array([-0.04933502,  0.48850107, -0.86862161, -0.18329758,  0.43692694,
       -0.15058728, -0.56115181,  0.47638632]), array([-0.81329165,  0.38907378, -0.92520541, -0.22835973,  0.24237149,
       -0.64831906,  0.6014215 ,  0.16635863]), array([-0.31291707, -0.89098667,  0.00389562, -1.11183595, -0.49736576,
       -0.49070403, -0.89715288, -0.57896321]), array([-0.35399285, -0.54987859,  0.04837104, -0.35673588,  0.12792178,
        0.59815364,  0.01743903,  0.24647321]), array([-0.42759365, -0.30873087,  0.43472909,  0.89229992,  0.48583429,
       -0.99454308,  0.76535587,  0.13007868]), array([ 0.34462963,  0.52084219, -0.79357676, -0.88663215, -0.24026029,
        0.57297914,  0.10417807,  0.36544553]), array([-0.77109888,  0.50262201,  0.91253134, -0.16070261, -0.79056024,
       -0.57481633,  0.75068845,  0.26633765]), array([ 0.43190592,  0.02919329, -0.68211392, -0.74781387, -0.50469567,
        0.57704891,  0.45509848, -0.37370295])]",0.582447624206543
2,4,"[array([-0.44820691, -0.95047978,  0.93711594,  0.24892246, -0.15919213,
        0.43430794, -0.8682731 , -0.41191917, -0.67529329, -0.8322033 ,
       -0.80613911,  0.52137459, -0.5977268 , -0.25825523]), array([-0.62932696, -0.07844794,  0.8123139 , -0.92015754, -0.40184605,
        0.14441582, -0.06945789,  0.09040404,  0.56133438, -0.65395619,
       -0.34043707,  0.6190504 ,  0.76178363,  0.26954561]), array([-0.12152164, -0.51788146,  0.10503008,  0.23179934, -0.92848571,
       -0.22388322,  0.88780559, -0.41694388, -0.68350441,  0.62769105,
       -0.02270653,  0.89573599,  0.47258861, -0.58419818]), array([ 0.55969683,  0.8238354 , -0.58949431, -0.53380428,  0.12473503,
       -0.3318232 , -0.70888835,  0.95000187, -3.40700219, -0.05389787,
       -0.52118876, -0.62876975,  0.18412605, -0.70698357]), array([-0.02559791,  0.97797472, -0.97509088, -0.32079982,  0.6224667 ,
       -0.78547416,  0.34670176,  0.93247052,  0.28664175, -0.43077978,
       -0.98487851, -0.91631856, -0.36628002,  0.70723324]), array([-0.43005977, -0.86350314, -0.44506013, -0.92567309,  0.0488838 ,
       -0.07490878,  0.22233243,  0.67619363, -0.6126945 ,  2.52169981,
        0.98211036, -0.61369092,  0.02468894,  0.84898494])]","[array([-0.78379945, -0.48561182,  0.90051244,  0.42139236,  0.47876537,
       -0.68061181, -1.15965622, -0.44016953, -0.34684299, -0.86315016,
       -0.21005886,  0.28619031, -0.86591195,  0.2219969 ]), array([-0.76218323, -0.32927858, -0.96330872, -0.8786094 , -0.61480051,
        0.28241697, -0.46416644,  0.53149024,  0.98101533,  0.59685866,
        0.08010358,  0.00207491,  0.12261937, -0.94370277]), array([ 0.23023489,  0.2697898 ,  0.79195125, -0.2862017 , -0.71023459,
       -0.39672087,  0.81186297, -0.74796432, -0.71342413, -0.49978649,
        0.27690171, -0.5297605 , -0.62786072, -0.4862484 ]), array([-0.02666868,  0.34173498,  0.99390214,  1.70097644, -0.11393503,
       -0.38357896, -0.5915304 ,  0.88095374, -0.79609265,  0.49447515,
       -0.02478501,  0.40238253, -0.29973301,  0.23384776]), array([ 0.81254441, -0.80901676, -0.55657981,  0.97001958, -0.169114  ,
       -0.07214526,  0.68204451,  0.2602376 , -1.03965124,  0.91613479,
       -0.48884151, -0.53654733,  0.46146395, -0.24012018]), array([ 0.62644751,  0.12939859,  0.74050573, -0.09167314, -0.58603278,
       -0.25435522, -0.75622165,  0.13067685,  0.82372978,  0.26893538,
        0.24491762, -0.49280441, -0.307747  , -0.86110925]), array([-0.78778221,  0.66289428, -0.00215388,  0.18781187, -0.02902682,
        0.49078039, -0.43150891,  0.98317479,  0.26187547,  0.41682672,
        0.12010813,  0.06502595, -0.09238292,  0.88626785]), array([ 0.13059806,  0.77124414, -0.2628748 , -0.38154979, -0.59876869,
        0.66072205, -0.78842715,  0.29701227, -0.30269083,  0.44287568,
       -0.59993441, -0.58312356, -0.75183454,  0.30019799])]","[array([ 0.22843652,  0.26082975,  0.37563278,  0.22864829,  0.29979449,
        0.30120995,  0.38962722, -0.99830211]), array([-0.59563569, -0.64433286,  0.54834834, -0.54583865,  0.70553847,
        0.76045492, -0.84618273,  0.29596483]), array([0.11092305, 0.96047436, 0.7888158 , 0.10855787, 0.83057779,
       0.64669737, 0.75735663, 0.82356488]), array([ 0.06069072, -0.17328925,  0.2970694 , -0.44392909, -0.01213711,
        0.89694579, -0.41452008,  0.5770809 ]), array([ 0.02455859, -0.94939625,  0.53307186,  0.77815946, -0.20488986,
        0.0497108 , -0.10671497,  0.74992184]), array([ 0.45208319, -0.42769814,  0.81890103,  0.74571131,  0.54036153,
        0.94982893, -0.69925329, -0.85323885]), array([-0.87852465, -0.46555644, -0.65575441, -0.75053507, -0.42348875,
        0.90633351,  0.33368878, -0.65039793]), array([-0.81510136,  0.84952092,  0.18316619,  0.59028899,  0.34273962,
        0.48438444,  0.96785666,  0.83297205]), array([ 0.71818801, -0.09416571,  0.43718208, -0.82705091, -0.42361005,
       -0.77986384,  0.3936435 ,  0.84170729]), array([-0.02420891,  0.9555369 , -0.8956568 ,  0.60672906,  0.60978362,
        0.49537628, -0.21129036,  0.17372458]), array([ 0.74446201, -0.84153775,  0.80858713, -0.77683322, -1.16749359,
       -0.20161431, -0.5308525 , -0.48139381]), array([-0.64280653,  0.00349273,  0.16618802,  0.859969  ,  0.45115174,
       -0.04764869,  0.94665868, -0.81321258]), array([ 0.38135799, -0.77719869, -0.58314434, -0.13316563, -0.96445598,
       -0.42277846, -0.80845001,  0.978568  ]), array([-0.29194541, -0.28247309, -0.74169681,  0.72989545, -0.74597761,
       -0.0744432 ,  0.35284306,  2.95402708])]",1.044644546508789
2,5,"[array([-0.77200705,  0.48267136, -0.64473307, -0.40839638,  0.79723681,
       -0.25821926, -0.91917748, -0.45847648, -0.10506257,  0.91618337,
        0.48377139, -0.55660381, -0.56835114, -0.61566214]), array([ 0.09048036, -0.60262897, -0.62988403,  0.60357921,  0.65399258,
        0.89719452, -0.11387384,  0.45702398,  0.16220503, -0.83494931,
        0.06568018,  0.90465063,  0.23072892,  0.37947232]), array([-0.74686414,  0.9479953 , -0.25857893,  0.49843272,  0.91321203,
       -0.27120338,  0.57507847, -0.09539706,  0.22208748,  0.68896575,
       -0.85315127,  0.31426549,  0.74004172, -0.41572308]), array([ 1.14179657, -0.76037675, -0.8113583 , -0.11780404, -0.05835698,
       -0.84821028,  0.83312039, -0.31576446, -0.41741291, -0.52882411,
       -0.58103631,  0.77903348, -0.08989641,  0.9444222 ]), array([-0.76264503,  0.27807159,  0.4650631 ,  0.05940836,  0.36225804,
       -0.83467216, -0.88935767,  0.73156065, -0.9780533 ,  0.98196639,
        0.20467136, -0.66106192,  0.85802727,  0.17448855]), array([ 0.29040325, -0.7455931 ,  0.68799725, -0.05149037, -0.94644255,
       -0.40811488, -0.77665082, -0.40664344, -0.22784197,  0.38872779,
        0.91192533,  0.01363032, -0.13580266, -0.96357249])]","[array([-0.28593092,  0.88237166, -0.3213263 ,  0.07410407, -0.72290482,
       -0.28181467,  0.11275971,  0.34103703,  0.75077343,  0.76552736,
       -0.75162442, -0.19162324,  0.52509532,  0.74712475]), array([-0.61011534,  0.4640306 , -0.35942456, -0.01229553, -1.24013039,
       -0.37752743,  0.14928916,  0.83857711,  0.23466827,  0.98887104,
        0.56588739,  0.7855874 ,  0.28868856, -0.07105803]), array([-0.21914953, -0.80500416,  0.83978785,  0.67308429,  0.86945281,
       -0.07288808,  0.99791508, -0.38509107,  0.16076023,  0.36130744,
       -0.76879975, -0.10179802,  0.48143749,  0.74370103]), array([-0.34524463,  0.26620506,  0.52117917,  0.27187833, -0.86424333,
        0.51617065,  0.63235123,  0.20077866,  0.79868991,  0.57441363,
        0.51997109, -0.85705492,  0.45712371,  0.35509756]), array([ 0.11906711,  0.77095507,  0.87613952, -0.41485322,  0.13458622,
        0.85144626,  0.04458444, -0.83038665, -0.63980791, -0.49974401,
        0.21981459, -0.90775883,  0.6157572 ,  0.87318091]), array([ 0.23256751, -0.56038064,  0.01248057,  0.79732875, -0.08830095,
       -0.70104369,  0.40408306,  1.11715141, -0.73333324, -1.72689296,
        0.21262117,  0.50458689, -0.73506589, -0.38552969]), array([ 0.05174885,  0.66491313, -0.28550948, -0.06466848, -0.67063704,
        0.07165936, -0.39731076,  0.31711187,  0.13359389, -0.26507061,
       -0.3316606 ,  0.94848298, -0.27065013, -0.87935529]), array([ 0.01558408,  0.96715543, -0.92200891,  0.11408776,  0.13481012,
        0.38573376, -0.97178933, -0.79479775, -0.07819238,  0.70150566,
        0.35088396,  0.78991226,  0.51803839, -0.72488975])]","[array([-0.32700203,  0.26082975,  0.37563278,  0.22864829,  0.29979449,
        0.27186828, -0.12815679, -0.99830211]), array([-0.59563569, -0.64433286,  0.54834834, -0.54583865,  0.70553847,
        0.76045492, -0.84618273,  0.71774803]), array([0.11092305, 0.96047436, 0.7888158 , 0.33301267, 0.86372509,
       0.64669737, 0.66623609, 0.82356488]), array([ 0.06069072, -0.17328925,  0.2970694 , -0.44356801, -0.01213711,
        0.89694579, -0.41452008,  0.5770809 ]), array([ 0.02455859, -0.94939625,  0.53307186,  0.77815946, -0.10147112,
        0.0497108 , -0.10671497,  0.74992184]), array([ 0.45208319, -0.42769814,  0.81890103,  1.11496071,  0.54036153,
        0.94982893, -0.69925329, -0.85323885]), array([-0.02327414, -0.46555644, -0.65575441, -0.75053507, -0.42348875,
        0.90633351,  0.33368878, -0.65039793]), array([-0.81510136,  1.4627767 ,  0.18316619,  0.59028899, -0.20915649,
        0.81836422,  1.43068704,  0.83297205]), array([ 0.71818801, -0.09416571,  0.43718208, -0.82705091, -0.686532  ,
       -0.77986384,  0.3936435 ,  0.84170729]), array([-0.02471468,  0.9555369 , -2.0176436 ,  0.60672906,  0.60978362,
        0.49537628, -0.21129036,  0.17372458]), array([ 0.74446201, -0.84153775,  0.80858713, -0.77683322, -0.50710722,
       -0.20161431, -0.5308525 , -0.48139381]), array([-0.35652898,  0.00349273,  0.16618802,  0.859969  ,  0.45115174,
       -0.04764869,  0.94665868, -0.81321258]), array([ 0.36433803, -0.77719869, -1.51397914, -0.13316563, -0.96445598,
       -0.42277846, -0.73636175,  0.978568  ]), array([-0.29194541, -0.28247309,  0.47984155,  0.72989545, -0.74597761,
       -0.0744432 ,  0.35284306,  2.95402708])]",1.3757149696350097
2,6,"[array([-0.86472318, -0.42823076, -0.64046379,  0.37405713, -0.62154213,
       -0.06766329, -0.46993415,  1.02591276,  0.8483068 ,  0.09931389,
       -0.62402207,  0.35934979, -0.86130364,  0.37303108]), array([ 0.52222741, -0.47287782, -0.62314363, -0.76415155, -0.97509621,
       -0.70294671, -0.2816141 , -0.48666649,  0.30018072,  0.01585806,
       -0.67927986,  0.67312678, -0.68114457,  0.13810498]), array([ 0.05567827,  0.64874878, -0.46752039, -0.73609463, -0.13767031,
       -0.69490997,  0.49718157, -0.76531348, -0.64194851, -0.69492158,
        0.89865371, -0.42238024, -0.10086637, -0.7549908 ]), array([ 0.9636383 , -0.28897482,  0.01619008,  0.65971512, -0.15811477,
        0.60602004, -0.21964859, -0.34525985,  0.34569028, -0.11867179,
        0.77276371, -0.99595263,  0.60594447, -0.30504679]), array([-0.49633189,  0.40295744,  0.84155949,  0.16028452,  0.77534477,
       -0.32462999,  0.24278592, -0.2362127 ,  0.83187299, -0.86530251,
       -0.45205781,  0.49108273,  0.77464072, -0.27357206]), array([ 2.10675367, -0.93189489, -0.56900268,  0.17676496,  0.28993365,
        0.41252641, -0.58014287, -0.39786915,  0.03841887,  0.29631351,
        0.75115602,  0.37680884,  0.43412129,  0.61109954])]","[array([-0.9481251 ,  0.91601573,  0.21337404, -0.34129977,  0.40149646,
        0.93999776, -0.18600985, -0.39529168,  0.15453757, -0.31719068,
       -0.2773629 ,  0.46691588,  0.28885628,  0.7968579 ]), array([-0.25164862, -0.29598243,  0.0449002 ,  0.89469036,  0.38295485,
        0.61388338,  0.93300147,  0.45192318, -0.83039031, -0.99914999,
       -0.44979628,  0.83801792,  0.07108448, -0.14890193]), array([-0.8544319 ,  0.43156222, -0.22988341, -0.42041497,  0.52877413,
       -0.67789284,  0.3595706 ,  0.49479278,  0.45792268, -0.62386696,
        0.15101828, -0.12606699,  0.7408462 , -0.35274154]), array([-0.33051005,  0.37777992,  0.64272839, -0.58523825, -0.24685238,
       -0.80618562,  0.91389551,  0.67379755,  0.08649757, -0.47147414,
       -0.27361045, -0.58113967,  0.30009774, -0.20526498]), array([ 0.65196589, -0.5245706 , -0.52541717,  0.01387011, -0.19098307,
        0.94896061, -0.2277081 , -0.11552849,  0.09361925, -0.95037339,
       -0.05504944,  0.15819988,  0.80202983,  0.79679379]), array([ 0.26902733, -0.33443777,  0.86112876, -0.1163551 ,  0.27290341,
        0.94294958,  0.13449857, -0.89719906,  0.62833388, -0.64412553,
        0.60234341,  0.38896382,  0.60188532, -0.49929946]), array([ 1.32214899, -0.88050372, -0.42581339, -0.74519395,  0.32766809,
        0.33933721, -0.45423361,  0.73647725, -0.77277645,  0.45888504,
        0.98703376, -0.27133317,  0.24284846,  0.54803748]), array([ 0.98760117, -0.93138991, -0.3133754 , -0.57290395,  0.12536418,
        0.25902502,  0.11090853, -0.46614099, -0.10270547, -0.13092905,
        0.62672634, -0.97670268, -0.13193139,  0.55484859])]","[array([ 0.10072581, -0.40258633,  0.73234591, -0.77109771,  0.91511448,
       -0.64940299,  0.5767812 , -0.43514789]), array([ 0.3140171 , -0.59362524, -1.48899561,  0.20471375,  0.13489052,
        0.04295335, -0.3769493 ,  0.62933893]), array([ 0.98882291,  0.68116416,  0.97945737, -0.30892063,  0.06955351,
        0.90777585,  0.37258736, -0.98535397]), array([-0.24360704, -0.16267562, -0.61169053,  0.9293099 ,  0.04437204,
        0.14472445,  0.79655732, -0.50324926]), array([-0.41550926, -0.91020692, -0.69350774, -0.3152281 ,  0.13009177,
       -0.66471219,  0.98603969,  0.16328088]), array([-1.11759728,  0.43363858, -0.71312506, -0.42866971,  0.43712414,
        0.6614376 , -0.05289086, -0.03209035]), array([ 0.49165662,  0.32274054, -0.0220186 ,  0.22089945,  0.20426092,
        0.9960513 ,  0.38376   , -0.025938  ]), array([-0.98102726,  0.68427187, -0.61293798, -0.01191152,  0.20420393,
       -0.29233366,  0.91028825, -0.22204306]), array([-0.17984236, -0.37346556,  0.33028936, -0.79325509, -0.97999177,
        1.16926148,  0.38447831, -0.18514435]), array([ 0.50051515,  0.24083138, -0.46206889, -0.02125001,  0.74032017,
        0.1331465 , -0.37402726,  0.45752424]), array([-0.93775485,  0.54375857,  0.94722417, -0.67265602,  0.07243408,
       -0.36645559, -0.74090634, -0.13784341]), array([-0.01016438, -0.80695895,  0.85835613,  0.97817708, -0.1227007 ,
       -0.07867974,  0.63532144, -0.56053719]), array([-0.60626484, -0.23486198,  0.04994016,  1.60209659, -0.25938205,
        0.35193277, -0.88728784,  0.63621086]), array([ 0.20044254,  0.62509182,  0.888613  , -0.041414  ,  0.20077264,
        0.18799764,  0.69175374,  0.72826544])]",0.007861518859863281
2,7,"[array([-1.15195947,  0.20100794, -0.53946315,  1.04467999,  0.27748071,
       -0.18067124, -0.69254768,  0.67858916, -0.03140333,  0.61788568,
        0.82533962, -0.62808665, -0.43562538, -0.96097407]), array([-0.36641626, -0.27061605,  0.19327477, -2.34834967,  0.81544729,
       -0.28176827, -0.86795015, -0.69286301,  0.07623413, -0.10267698,
        0.22065839, -0.12745561,  0.30224233,  0.07991436]), array([ 0.93058366, -0.78361246,  0.09635809,  0.92880765,  0.86639247,
        0.33849196,  0.21893298, -0.15262016,  0.08889367,  0.05727674,
        0.11897855, -0.61439779, -0.24341268,  0.33460421]), array([-0.66759725, -0.93010939,  0.55286195,  0.37274519, -0.21413111,
       -0.05940515,  0.61415466, -0.33705804,  0.74122061, -0.66825499,
       -0.5416544 , -0.11307218, -0.29905602,  0.91025335]), array([-0.04166557, -0.69650434,  0.32455258,  0.12326373, -0.80648404,
        0.00632955, -0.8759897 ,  1.60787273,  0.1488231 ,  0.77002011,
        0.66553528,  0.74126904, -0.67276275, -0.91729149]), array([ 0.83489477,  0.67731251, -0.47667556,  0.06998104,  0.57899908,
       -0.0391934 ,  0.40063024, -0.73143345,  0.5020504 ,  0.97697835,
       -0.13998324,  0.29291611, -0.24421495, -0.3783951 ])]","[array([ 0.29826855,  0.23703719, -0.83980075, -0.98590186,  0.45116859,
       -0.27834057,  0.04052742,  0.11002727,  0.40436468,  0.99656793,
       -0.74789216,  0.90882675, -0.73104717,  0.18219827]), array([ 0.00301279, -0.113224  , -0.6731304 ,  0.78888129, -0.49971304,
        0.48551768, -0.4629701 , -0.22471427,  0.43105701, -0.75736262,
       -0.01655247, -0.77604943, -0.03615612, -0.39695047]), array([ 0.39489446, -0.40161592,  0.9619522 , -0.03174319, -0.460841  ,
        0.6312131 , -0.73079556, -0.66133533,  0.81437593, -0.1215473 ,
        0.89801364,  0.90711732,  0.57158049,  0.99203059]), array([ 1.63294469,  0.90131772,  0.47255218,  0.99289051,  0.55650084,
        0.24871601,  0.71621666,  0.81451025, -0.18036567, -0.40959407,
       -0.97507852,  0.71607825, -0.72149778,  0.00168138]), array([ 0.51068819,  0.31148494, -0.14269646, -0.08340176, -0.62777445,
       -0.72057609,  0.36533561, -0.87299375,  0.17887089,  0.8993355 ,
        0.70653563,  0.2052574 ,  0.22431529,  0.48932439]), array([-0.50718536, -0.87684255, -0.90284924,  0.1552312 , -0.41802064,
        0.8899534 , -0.83428292,  1.29466677, -0.48118057, -0.5204139 ,
        0.55369871,  0.04248579,  0.15123981, -0.92851377]), array([-0.43015006,  0.64026493,  0.13627572,  0.19717811, -0.78231467,
        0.01802271,  0.76851252, -0.80695452, -0.95054971, -0.64778714,
       -0.56160789, -0.80959897,  0.10510942, -0.69647318]), array([ 0.74533583,  0.31270667, -0.48851573, -0.09610976, -1.80126385,
        0.02645704,  0.62164989, -0.08946963, -0.58840871,  0.130632  ,
       -0.11579113,  0.35818194, -0.62600898, -0.86401406])]","[array([-0.04488392, -0.51248618, -0.52106912, -0.61464947,  0.74326305,
        0.01390874,  0.6654786 , -0.77822882]), array([ 0.23422848, -0.9648143 , -0.25806791, -0.1425983 ,  0.54045127,
       -0.28140277,  0.51345016,  0.78640986]), array([ 0.63608942,  0.62936246, -0.13550394,  0.32054237, -1.2961697 ,
        0.78410298,  0.0417801 ,  0.68322299]), array([ 0.75037809,  0.16668438,  0.03815766, -0.30435261,  0.30775479,
        0.25108883,  0.68300357,  0.47341011]), array([-0.76629599, -0.92666594, -0.97113891, -0.17785693, -0.81357327,
        0.19052894,  0.23796131,  0.85313334]), array([-0.67188262, -0.86506494,  0.57964014, -0.04240208, -1.05572605,
       -0.35404403, -0.359718  ,  0.68752536]), array([ 0.9676479 , -0.30106361, -0.65373415, -0.18976326, -0.66671137,
       -0.45950927, -0.15310396, -0.22655136]), array([ 0.17365726,  0.1955151 , -0.97622397,  0.43033529,  0.08171368,
        0.86383144,  0.46656482, -0.08173616]), array([ 0.40631752,  0.74135505,  0.95681166, -0.32758223,  0.81812159,
       -0.95897868,  0.17993809, -0.65534123]), array([-0.76024022,  0.58879582,  0.16442244, -0.00117343, -0.18271502,
        0.02165833,  0.63785841, -1.00044424]), array([-0.62486231, -0.46140129, -0.97044746,  0.73592974, -0.4326762 ,
       -0.62005037, -0.49419737, -0.54745163]), array([-0.63863555,  0.75550107,  0.59928532,  0.20387597,  0.32128143,
        0.51027569, -0.07349054, -0.20318692]), array([-7.53325915e-01, -3.18580940e-01,  8.58988240e-01, -1.07528706e-03,
       -1.22840916e+00,  1.85417520e-01,  3.57008805e-01,  9.51765997e-01]), array([ 0.3115553 ,  0.35558536,  0.05531331, -0.07530697, -0.34291054,
        0.71401259, -0.97032698,  0.23431108])]",0.23667964935302735
2,8,"[array([ 0.66126491, -0.68358941, -0.90210681,  0.46504725, -0.25746359,
        0.67795727,  0.13319149,  0.92100326,  0.61679077, -0.67469195,
       -0.65228981,  0.65234482,  0.17838579,  0.51359885]), array([-0.72183444,  0.07756789, -0.19778786,  0.80818302,  0.15472433,
        0.96591813, -0.47954524,  0.40716198, -0.30913269,  0.71462311,
        0.95739695,  0.62012337, -0.61951657, -0.75313751]), array([ 0.48064069,  0.75968645,  0.76563753, -0.27275095, -0.44871143,
        0.13974133, -0.75212253, -0.65945607,  0.86773271,  0.41810452,
       -0.16263436,  0.03315681, -0.66047181,  0.11773591]), array([ 0.3142973 , -0.24674534,  0.86014963,  0.47446895, -0.20469854,
        0.82092792, -0.09240113, -0.41170366, -0.97906308, -0.35777225,
        0.13849413,  0.9497186 ,  0.44792226, -0.98478839]), array([-0.83299539, -0.39773838,  0.59396035,  0.71356736,  0.57484187,
        0.47656278, -0.67439598,  0.22622123,  0.19192637, -0.30327785,
        0.77252352,  0.9878251 , -0.25614629, -0.09641641]), array([-0.40604831,  0.48772087,  0.04227669,  0.55634676,  0.97818607,
        0.7041987 ,  0.17625083, -0.45796155, -0.64757954, -0.99567479,
       -0.49039063, -0.67729241,  0.8351714 ,  0.0874252 ])]","[array([ 0.0524957 ,  0.01897365, -0.51218965,  0.38761047,  0.79019296,
        0.71517027, -0.46435268,  0.23924329,  0.14020969,  0.72253194,
        0.49198648,  0.74083649, -0.07453677,  0.52683725]), array([-0.12933428,  0.66646709,  0.64364886, -0.25885204,  0.29701015,
        0.66662204,  0.37347602,  0.02465237, -0.90872359,  0.77435834,
       -0.67719398, -0.10407053,  0.25042021, -0.33616507]), array([ 0.62386762,  0.07601736, -0.32789458,  0.13066978,  0.46332964,
        1.33508725,  0.27573384, -0.03770179,  0.85003818, -0.20011274,
        0.23238915, -0.72354111,  0.48181049,  0.82578181]), array([-0.91778324,  0.89696746,  0.40083331, -0.94208815,  0.45469182,
       -0.86654114,  0.22853276, -0.88238252, -0.86370421,  0.84416338,
       -0.36667913,  0.57605185,  1.35435497,  0.30758073]), array([-0.09087459, -0.14096387, -0.7760803 , -0.63407601, -0.7905133 ,
       -0.92863427, -0.10386607, -0.86168573, -0.02892415, -0.61561737,
       -0.3965524 ,  0.82744477, -0.275337  , -0.62886158]), array([-0.88243868,  0.47484211, -0.14502088, -0.36052728, -0.06071334,
        0.51055991,  0.45882399,  0.5360053 ,  0.60614083, -0.70065344,
        0.63044807,  0.68445306, -0.31111864, -0.37197011]), array([-0.46016404, -0.17466518,  0.02699636,  0.42982514,  0.93437418,
       -0.23454414, -0.92541496, -0.96676991,  0.80913444, -0.31377098,
        0.01011463,  0.71592201,  1.28414131,  0.03442982]), array([ 0.97139531,  0.94678818,  0.31662185,  0.26951784,  0.99548667,
        0.61707676,  0.46565118,  0.01934977,  0.75908449, -0.47784638,
       -0.11579113,  0.35818194, -1.0239649 , -0.86401406])]","[array([-0.03779446, -0.51248618, -0.44116186, -0.61464947,  0.74326305,
        0.01079381,  1.00771327, -0.77822882]), array([ 0.23422848, -0.92774235,  0.09325329, -0.07557191,  0.54045127,
       -0.50547471,  0.51345016,  0.78640986]), array([ 0.63608942,  0.62936246, -0.04263817,  0.32054237, -0.90349826,
        0.78410298,  0.03400809,  0.68322299]), array([ 0.75037809,  0.16668438,  0.03815766, -0.30435261, -0.50392585,
        0.36897069,  0.68300357,  0.26990949]), array([-0.76629599, -0.92666594, -0.97113891, -0.17612211, -0.81357327,
        0.19052894,  0.23796131,  0.85313334]), array([-0.95425247, -0.86506494,  0.57964014, -0.00937226, -0.84518694,
       -0.35404403, -0.359718  ,  0.70083696]), array([ 0.9676479 , -0.30106361, -1.45125297,  0.782543  , -1.68130992,
       -0.45950927, -0.15310396, -0.78954148]), array([ 0.12299031,  0.67538411, -0.97622397,  0.20067946,  0.08171368,
        0.86383144,  0.46656482,  0.83379838]), array([ 0.85257495,  0.74135505,  2.00192577, -0.32758223,  0.81812159,
       -0.95897868,  0.17993809, -0.65534123]), array([-0.51366836,  0.58879582,  0.3608786 , -0.00117343, -0.18271502,
        0.24423176,  0.63785841, -0.46057038]), array([-0.62486231, -0.73310325, -0.97044746,  0.73592974, -0.19542504,
        0.16019198, -0.49419737, -0.54745163]), array([-0.69237094,  0.06514962,  0.59928532,  0.20387597,  0.32128143,
        0.51027569, -0.07349054, -0.20318692]), array([-0.75332591, -0.31858094,  0.85898824,  0.16938033, -0.8355908 ,
        0.18541752,  0.3570088 ,  0.951766  ]), array([ 0.3115553 ,  0.35558536,  0.05531331,  0.78860653, -0.34291054,
        0.71401259, -0.97032698, -0.81350967])]",-0.6277248382568359
2,9,"[array([ 0.55869023, -0.15647363, -0.58701257,  0.22260246,  0.54459109,
       -0.44000398, -0.34407975,  0.52115087,  0.09499639,  0.48518682,
       -0.63002913,  0.81989363,  0.59884449, -0.67676617]), array([ 0.84975175,  0.45520731, -0.86282779,  1.03934548,  0.15472433,
        0.33979584, -0.47954524,  0.40716198, -0.30913269,  0.71462311,
        0.95739695,  0.93547322, -0.61951657, -0.75313751]), array([ 0.82043339,  0.75968645,  0.76563753, -0.27275095, -0.44871143,
        0.13974133, -0.75212253, -0.65945607,  0.86773271,  0.36633244,
       -0.16263436,  0.03315681, -0.66047181, -0.10352409]), array([ 0.28354541, -0.24674534,  0.86014963,  0.4006785 , -0.20469854,
        0.82092792, -0.23251638, -0.41170366, -0.97906308, -0.35777225,
        0.13849413,  0.9497186 ,  0.44792226, -0.98478839]), array([-0.83299539, -0.39773838,  0.59396035,  0.71356736,  0.18937866,
        1.00034861, -0.67439598,  0.22622123,  0.19192637, -0.30327785,
       -0.17362342,  0.9878251 ,  0.61124543, -0.09641641]), array([-4.06048315e-01,  4.87720867e-01,  7.02818378e-01,  1.25628429e-02,
        9.78186075e-01,  7.04198704e-01,  1.76250834e-01, -4.57961552e-01,
       -6.47579543e-01, -9.95674793e-01,  6.45062945e-01, -6.77292410e-01,
        5.16248708e-04,  2.29780700e-01])]","[array([-0.06210986,  0.01897365, -0.51218965,  0.38761047,  0.79019296,
        0.71517027, -0.46435268,  0.23924329,  0.10106293, -0.50916858,
        0.49198648,  0.74083649, -0.07453677,  0.52683725]), array([-0.12933428,  0.65067682,  0.64364886, -0.25885204,  0.29701015,
        0.66662204,  0.37347602,  0.02465237, -2.1969558 ,  0.77435834,
       -0.67719398, -0.10407053,  0.25042021, -0.25965181]), array([ 0.62386762, -0.02431739, -0.32789458,  0.13066978,  0.66379868,
        1.8517707 ,  0.27573384, -0.03770179,  0.85003818, -0.20011274,
        0.23238915, -0.72354111,  0.48181049,  0.82578181]), array([-0.91778324,  1.18946869,  0.40083331, -0.94208815,  0.45469182,
       -0.86654114,  0.22853276, -0.97027518, -1.83733015,  0.84416338,
       -0.36667913,  0.57605185,  0.53592189,  0.53313631]), array([ 0.10113532,  0.37417954,  0.87359531, -0.48395809,  0.4806661 ,
       -0.32396845,  0.00615995,  0.89113208, -0.69004968, -0.58079307,
       -0.84442308, -0.03369881, -0.07328021, -0.20285765]), array([-0.86858423,  0.12319286, -0.27406409, -0.84609871,  0.38293649,
       -0.37619534, -0.82335112, -0.41822794,  0.43718712, -0.56374291,
       -0.46364781, -0.68222055,  0.64240642,  0.55252614]), array([ 0.20323759,  0.37212937, -0.83757097, -0.83967101, -0.95654344,
        0.08114201, -0.85832341, -0.04302988, -0.90797145, -0.99724058,
       -0.68151338, -0.22322936, -0.90133461, -0.64360189]), array([ 0.76123061, -0.96377644,  0.44648113, -0.16331896, -0.17629356,
       -0.42978169,  0.32555342,  0.70248722, -0.09320657, -0.27675369,
        0.43271204,  0.89707272,  0.22335873, -0.97962434])]","[array([ 0.40061421,  0.31434809,  0.86515893, -0.08527694, -0.10090613,
       -0.72029538,  0.00673284,  0.12507141]), array([ 0.15658511,  0.80487042, -0.03269072, -0.75631263,  0.63067179,
        0.24770865,  0.03942865,  1.58806997]), array([-0.15259008,  0.45516592, -0.49747674,  0.09017768, -0.54423334,
       -0.68311775,  0.42874173,  0.54390919]), array([ 0.80922   , -0.56499587,  0.6728656 ,  0.18473342,  0.55995925,
        0.76777755,  0.5726462 ,  0.78416343]), array([ 0.59676566,  0.44732184,  0.47011638, -0.99238639, -0.73120278,
       -0.62482278,  0.23058605, -0.76716363]), array([ 0.36873834, -0.19408639,  0.66190487,  0.11755393,  0.01989947,
        0.53944909, -0.14825994,  0.31625318]), array([-0.8735086 , -0.41569378, -0.55359959, -0.26974597,  0.56457589,
        0.16094487,  0.76891192,  0.72265377]), array([-0.08899618,  0.35056831,  0.57746206, -0.08539742,  0.11248115,
       -0.42170354, -0.59065008, -0.44693035]), array([ 0.7023521 ,  0.12314326,  0.54872597,  0.27821258,  0.02474942,
        0.29712203, -0.56515965,  0.55741973]), array([ 0.39749926,  0.98474816,  0.77111222,  0.44967847,  0.11365658,
        0.9508298 , -0.08994938, -0.87784072]), array([-0.72384405,  0.06497373, -0.40306955, -0.26804594, -0.70553036,
        0.03885918,  0.47463172, -0.45299307]), array([-0.71327084, -0.2712975 ,  0.65392234, -0.10859396,  0.192305  ,
        0.18489814,  0.26300397, -0.63818747]), array([-0.97395348,  0.13482831, -0.43528021,  0.80552856, -0.59373499,
        0.9307463 , -0.59276758,  0.92803352]), array([ 0.08183393,  0.67209942, -0.237372  ,  0.200068  ,  0.16061903,
        0.49435056, -0.66956475, -0.1278872 ])]",2.633724594116211
2,10,"[array([-0.5309232 ,  0.20100794, -0.53946315,  0.5057417 ,  0.96158136,
       -0.18067124, -0.69254768,  0.67858916, -0.03140333,  0.14921163,
        0.82533962, -0.62808665, -0.43562538, -0.96097407]), array([-0.11028275, -0.23132211,  0.19327477, -0.93597421,  0.81544729,
       -0.28176827, -0.86795015, -0.69286301,  0.07623413, -0.01045696,
        0.22065839, -0.12745561,  0.30224233,  0.07991436]), array([ 0.93058366, -0.78361246,  0.12098796,  0.92880765,  0.86639247,
       -0.18544555,  0.21893298, -0.27293219,  0.08889367,  0.03972092,
        0.11897855,  0.84516358,  0.15514249, -0.38094405]), array([ 0.35598921, -0.53528054,  0.89993207, -0.20915823, -0.11634665,
       -0.42771143, -0.43454056, -0.84769722,  0.65052383, -0.66175641,
       -0.66807885, -0.12074625, -0.31946545,  0.13855821]), array([ 0.87193498,  0.43384842,  0.25555729,  0.84257846, -0.40137841,
        0.53767055, -0.75450301,  0.51392973, -0.7216506 ,  0.5420249 ,
       -0.01521191, -0.92517919, -0.87072921, -0.5802763 ]), array([ 0.58941297, -0.57410183, -0.91494559,  0.17641591, -0.64337169,
        0.21970735,  0.69282553, -0.21879162,  1.07552193,  0.26910709,
        0.23378766,  0.82393101, -1.20923916, -0.67730455])]","[array([-0.58726044, -0.50589136, -0.1101287 ,  0.39241294,  0.59674013,
       -0.88552189,  0.47310211, -0.76155314,  0.55585538, -0.77020902,
       -0.98312483, -0.39575912,  0.31546293, -0.61693605]), array([-0.20120584,  0.17378102,  0.3261695 , -0.51873841, -0.8385755 ,
       -0.62943432,  0.11652507, -0.05666873, -0.04412795,  0.0921019 ,
        0.59652095, -0.79067972, -0.81413879,  0.86932405]), array([ 0.95558985, -0.03383342,  0.76181948, -0.39447279, -0.59889348,
        0.10812207,  0.78026001, -0.78683174, -0.87577021,  0.36045351,
       -0.08023034,  0.37035482, -0.86020014,  1.46573439]), array([ 1.99397531,  0.86605444,  0.46731321, -0.49351354,  0.25148497,
        0.26310201, -0.46492633, -0.95331123,  0.77842742,  0.29946177,
        0.83414515, -0.47706033, -0.39961366, -0.93710461]), array([-0.36851513, -0.74951084, -0.73806729,  0.8558704 ,  0.98103132,
        0.69874303, -0.22510368,  0.56641942, -0.21094809,  0.17590396,
       -0.4405558 , -0.27925859,  0.41647318, -0.67391885]), array([-0.5302183 , -0.69020918, -0.67825087,  0.44686353,  0.69765069,
        0.43640864, -0.58639231, -0.06460042,  0.59560828,  0.41599948,
        0.52126321,  0.04213638, -0.81964101,  1.73269468]), array([ 0.89933652, -0.7634898 , -0.00553909,  0.74887009, -0.72437121,
        0.12838043,  0.43870931,  0.13559139, -0.51597921, -0.65740299,
       -0.40621739, -0.22050314, -0.6545474 ,  0.92181939]), array([-0.93999716,  0.17939566, -0.27065494,  0.97052093, -0.32010198,
        0.20440106,  0.45829093,  0.23835811, -0.48186716, -0.94724273,
        0.49994345,  0.28004266,  0.92514543, -0.36489714])]","[array([ 0.90307072,  0.85350629, -0.47782735, -0.33191079, -0.39622682,
        0.07775817,  0.43199436,  0.06911499]), array([-0.73107323, -0.76724141, -0.0581173 , -0.66137406, -0.56722297,
       -0.33840174,  0.85758701,  0.95486423]), array([-0.69489073,  0.74797337,  0.64852155, -0.41357625,  0.48653766,
       -0.56400336,  0.32712839, -0.85907623]), array([ 0.77103394, -0.50449366,  0.98168109,  0.88441679, -0.60035608,
       -0.92436538,  0.72942963, -0.71655859]), array([-0.72512366,  0.51575778, -0.22717895,  0.18174478, -0.50642355,
       -0.48255157, -1.01637677, -0.17533485]), array([-0.32001834,  0.34313338,  0.66335931,  0.80658944,  0.52866456,
        0.74580621, -0.68606552, -0.99883087]), array([ 0.66968284, -0.62228281, -0.03032273,  0.72188948, -0.62791042,
       -0.31703912, -0.42264741,  0.30242446]), array([ 0.63140888,  0.44257085,  0.99445778,  0.34372761, -0.1422703 ,
        0.44061424, -0.56557029,  0.32796727]), array([-0.72558903, -0.24941653, -0.12496596,  0.25797007, -0.85218242,
        0.64237529, -0.59117116,  0.45840753]), array([ 0.81399622,  0.10450758, -0.06204615, -0.21954482,  0.73702412,
       -0.26291486, -0.76761006, -0.36892579]), array([-0.06155831, -0.46248088,  0.129333  , -0.24010139,  0.35419216,
        0.90856747, -0.55041844,  0.34081461]), array([ 0.59039658, -0.03412072,  0.05047873,  0.5556777 , -1.52002695,
        0.97357269, -0.835262  ,  0.65503584]), array([ 0.4533649 ,  0.26763551,  0.70070198,  0.26792184,  0.88560282,
        0.96956645, -0.89381081,  0.99376685]), array([-0.96642927, -2.04826256, -0.61966375,  0.44791131,  0.44272936,
        0.3027824 , -0.2814887 , -0.70202753])]",0.2605316162109375
2,11,"[array([-0.86472318, -0.42823076,  0.33717312, -0.65430317,  0.55986546,
        0.86554505,  0.78002648, -0.25998538, -0.24819627,  0.08989395,
        0.48112885,  0.31729486, -0.86611907,  0.93740239]), array([-0.06447108,  0.55625729, -0.01899721,  0.17000023, -0.99431199,
       -0.0062616 ,  1.41820873, -0.47187839, -0.49566875,  0.71030286,
       -0.24057002, -0.00644531,  0.22466234, -0.55871726]), array([-0.02368648,  0.64707673, -0.02839249,  0.92160035, -0.09950856,
        0.1658045 , -0.05546263, -0.7940711 ,  0.34727856,  0.22705294,
       -0.31043254,  0.56076356,  0.34901278,  0.02161232]), array([-0.76309645, -0.32845591,  0.78670232,  0.36560975,  0.09873401,
       -0.34278151,  0.16149339, -0.15984147,  0.55902572,  1.08088469,
       -0.00913222, -0.7508967 ,  0.72100961,  0.21079716]), array([ 0.11185451, -0.51079676, -0.54972917, -0.39074821,  0.82191078,
       -0.23782491, -0.16428616, -0.56489792,  0.22881075, -0.55654766,
        0.18581986,  0.58175815, -0.94554594, -0.42286482]), array([-0.62538413, -0.86518366,  0.00292079,  0.53278316, -0.89026756,
       -0.9832975 , -0.17408665,  0.01648568,  0.17036965, -0.08265774,
       -0.40325689,  0.90761034, -0.58447237,  0.07829978])]","[array([ 0.94841353, -0.99738909, -0.95345756, -0.6705485 , -0.6820323 ,
       -0.52875963,  0.47772427, -0.26205522,  0.75511598, -0.05059256,
       -0.55299022, -0.48467906, -0.92507165,  0.20324067]), array([-0.48037061,  0.07567287, -0.34668095, -0.19662391, -0.12556785,
        0.97669686,  0.27481258,  0.34596653, -0.56474514,  0.78375064,
        0.04966706,  0.79005813,  0.47633693,  0.11157343]), array([ 0.32982224,  0.38236232,  0.70059549, -0.92941979,  0.71494789,
        0.60003417,  0.47841191, -0.61939573, -0.33463442, -0.90451154,
       -0.77218886, -0.50564838, -0.48758436,  1.17095274]), array([-0.51455451,  0.49420949,  0.03259275, -0.14384749, -0.90220114,
       -0.72215584, -0.68856307, -0.06704873, -0.43078245, -0.46971711,
        0.15158565,  0.24218503, -0.79521713,  0.46879676]), array([-0.30533019,  0.17962038,  0.41457946, -0.94786168, -0.57126128,
       -0.18722861, -0.65068755, -1.21887435,  2.35515023,  0.7679446 ,
       -0.5594426 ,  0.06809979,  0.00429272, -0.4968641 ]), array([ 0.11408827, -0.49857409, -0.06147336, -0.35220996, -0.83787454,
        0.52396918, -0.51849721, -0.52635291,  0.46597897,  0.13425322,
       -0.92057532, -0.39422268, -0.40324572, -0.34301563]), array([ 6.90661750e-01, -1.79216972e-01,  8.56837703e-02, -2.10599126e-01,
       -5.55883694e-02, -1.00243879e-01, -1.57824400e+00, -5.94470034e-01,
       -9.34367270e-02,  3.87060600e-04,  7.50632658e-01, -1.64215066e-01,
        1.84495952e-02,  5.15077245e-01]), array([ 0.00996487, -0.29904699, -0.17118367, -0.87823338, -0.30019278,
        0.18210514, -1.21860031,  0.51401082,  0.27722887,  0.70389023,
       -0.70224203,  0.22389202, -0.51713546,  0.92668274])]","[array([-0.45798152,  0.85350629, -0.47782735, -0.33191079, -0.39622682,
        0.07775817,  0.43199436,  0.17047069]), array([-0.73107323, -0.76724141, -0.09797199, -0.66137406, -0.56722297,
       -0.86571387,  1.1185304 ,  0.95486423]), array([-0.69489073,  0.74797337,  0.64852155, -0.41357625,  0.48653766,
       -0.56400336,  0.32712839, -0.85907623]), array([ 0.77103394, -0.50449366,  0.98168109,  0.88441679, -0.60035608,
       -0.17598584,  0.72942963, -0.8732423 ]), array([-0.72512366,  0.51575778, -0.22717895,  0.18174478, -0.50642355,
       -0.48255157, -1.01637677, -0.17533485]), array([-0.32001834,  0.34313338,  0.66335931,  0.80658944,  0.52866456,
        0.77759851, -0.68606552, -0.99883087]), array([ 0.66968284, -0.62228281, -0.03032273,  0.72188948, -0.62791042,
       -0.31703912, -0.42264741,  0.41720986]), array([ 0.87284467,  0.44257085,  0.99445778,  0.34372761, -0.1422703 ,
        0.44061424, -0.56557029,  0.32796727]), array([-0.72558903, -0.24941653, -0.12496596,  0.25797007, -0.85218242,
        0.64237529, -0.59117116,  0.45840753]), array([ 0.81399622,  0.10450758, -0.06204615, -0.21954482,  0.73702412,
       -0.26291486, -1.18951118, -0.36892579]), array([-0.06155831, -0.46248088,  0.129333  , -0.24010139,  0.35419216,
        0.90856747, -0.55041844,  0.34081461]), array([ 0.59039658, -0.03412072,  0.05047873,  0.5556777 , -1.52002695,
        0.97357269, -0.835262  ,  0.65503584]), array([ 0.4533649 ,  0.26763551,  0.70070198,  0.26792184,  0.88560282,
        1.2818758 , -0.89381081,  0.99376685]), array([-0.96642927, -2.04826256, -1.92430648,  0.44791131,  0.44272936,
        0.3027824 , -0.2814887 , -0.29604063])]",1.4578257560729981
2,12,"[array([-0.26509177, -0.67685864,  0.11698732, -0.22194266,  0.95935521,
       -0.30581723, -0.39648563,  0.28416674, -0.89151118,  0.74280192,
       -0.0033153 ,  0.25517031, -0.62371168, -0.02935809]), array([ 0.43964575,  0.64225364, -0.55530356,  0.87996545, -0.97120681,
        0.59231902,  0.60580029,  0.77718679, -0.31606947,  0.30946921,
       -0.81157617, -0.6751144 ,  0.98603067, -0.75194805]), array([ 0.77320412, -0.3341247 , -0.79381611,  0.85945111, -0.31547084,
        0.09314656, -0.16867022, -0.01973845,  0.81961379, -0.93740245,
       -0.487435  ,  0.1458698 ,  0.36208287,  0.47194668]), array([-0.79551567,  0.36494548, -1.59204542, -0.35042963, -0.83333308,
        0.85087212,  0.73564377,  0.49120338,  0.5757625 , -0.06639598,
       -0.5980287 ,  0.04617998, -0.33964873,  0.26348384]), array([-0.49155211, -0.48522339,  0.09195886, -0.03423078, -0.27295147,
       -0.5946089 ,  0.76715646, -0.22016153, -0.26958938, -0.92306969,
       -0.66740526,  0.35949357, -0.66865918,  1.16809788]), array([ 0.65693012, -0.99078905, -0.30252587,  0.42857111,  0.11438241,
        0.85719606,  0.41388447,  0.13930729, -0.15714627,  1.15659801,
       -0.12155612,  0.64854065,  1.0367047 ,  0.09646014])]","[array([-0.41857207, -0.93400855, -0.90728223,  0.15275872,  0.7388071 ,
        0.75241289,  0.86588493,  0.04057696,  0.90012133,  0.01061129,
        0.8882853 ,  0.41379736, -0.71995223,  0.30316793]), array([-0.99761289,  0.25526859, -0.64878739,  0.2180465 ,  0.8335573 ,
        0.06780544,  0.78996427, -0.78577083,  0.00815685,  0.1486263 ,
       -0.92179721,  0.21507346,  0.90421382, -0.03134987]), array([ 0.40138132, -0.54511578,  0.69794135,  1.21290719,  0.33201866,
       -0.51898063, -0.72367542,  0.48719761, -0.15256833,  0.28201452,
        0.79564543,  0.90383621,  0.11276001, -0.58688784]), array([ 0.79375347, -0.57110387,  0.73498503, -0.33430836, -0.6832367 ,
        0.97868727, -0.54102724,  1.41593931,  0.34357536,  0.66465191,
       -0.89251265,  0.51395835,  0.525659  , -0.97272924]), array([-1.99647753, -0.51613134,  0.61215094,  0.96229812,  0.44967374,
        0.42174351,  0.97166581, -0.90353855,  0.13515321, -0.96751437,
        0.15394446,  0.70368841,  0.64093278,  0.74996562]), array([-0.0486979 ,  0.1889335 ,  0.89609454, -0.48626449,  0.02972435,
       -0.09292936, -0.37526677,  0.03059284, -0.24304673,  0.58423822,
       -0.63852388,  0.68297733, -0.18452478, -0.55296293]), array([-0.2120246 , -0.17340339,  0.16053661, -0.20209253, -0.8483309 ,
       -0.61393044, -0.21406941, -0.76523338, -0.22557633, -0.45613155,
       -0.11502074,  0.43318585,  0.84524919,  0.98731849]), array([-0.0482284 , -0.75638499, -0.432123  ,  0.91193457, -0.129201  ,
       -2.53087246, -0.16602795,  0.66992287,  0.12801639, -0.7573616 ,
       -0.06446467, -0.93694993,  0.00708737, -1.57025123])]","[array([-0.95102614,  0.66790627,  0.41946442,  0.36249735,  0.57868277,
       -0.15432486, -0.15336368,  0.36579069]), array([-0.11615989,  0.92881339,  0.99303597, -0.93211859,  0.58725502,
        0.1985256 ,  0.65254577, -0.19673784]), array([-0.33008259, -0.14444222, -0.52839546, -0.87865794,  0.63099484,
        0.25951815, -0.75612268, -0.98914089]), array([ 0.06851306, -0.99894352,  0.60810535,  0.64725258, -0.91234396,
        0.11772197, -0.43555771,  0.11665215]), array([-0.02298844,  0.63607074, -0.70452197, -0.17012188, -0.00118348,
       -0.89434854,  0.82485238, -0.29771269]), array([-0.93890922, -0.22494812, -0.85474339,  0.19584934,  0.11467955,
        0.11481434,  0.85156425,  0.55040388]), array([ 0.82875395, -0.54953605, -0.94479955, -0.22561028,  0.91418092,
       -0.20127251,  0.68650002,  1.97703477]), array([ 1.19535288, -0.25730067, -0.84426815, -0.59969533, -0.12713075,
       -0.60512643,  1.96045775,  0.54554836]), array([-0.23398203, -0.70939666,  0.97125857, -0.16993365,  0.10117288,
       -0.48726771, -0.17344382, -0.64823843]), array([-0.81467947, -0.97465248, -0.66552046, -0.25369532, -0.64235628,
       -0.98680463,  0.36947591,  0.11507607]), array([ 0.15314637, -0.2366871 ,  0.36574995, -0.21343379, -1.07427261,
        0.35077869, -0.10172416, -0.90791217]), array([-0.91186183, -0.783301  , -0.10519139, -0.32453462,  0.17037633,
       -0.86076606, -0.12365832, -0.54730137]), array([ 0.74385912, -0.02223203, -0.04631039,  0.8605792 , -0.11760477,
        0.71807852, -0.41714602, -0.04118315]), array([ 0.78054755, -0.02099356,  0.06787733, -0.01241601, -0.93733367,
       -0.84218892,  0.81295588, -0.20980484])]",1.1864848136901855
2,13,"[array([-0.5309232 ,  0.34066534, -0.53946315,  1.04467999, -0.20106342,
       -0.07073042, -0.69254768,  0.67858916, -0.03140333,  0.61788568,
        0.82533962, -0.62808665, -0.43562538, -0.96097407]), array([-0.36641626, -0.27061605,  0.19327477, -0.80884246,  0.81544729,
       -0.28176827, -0.86795015, -0.69286301,  0.07623413, -0.10267698,
        0.22065839, -0.12745561,  0.30224233,  0.07991436]), array([ 0.93058366, -0.78361246,  0.09635809,  0.92880765,  0.86639247,
        0.33849196,  0.21893298, -0.78044514,  0.08889367,  0.02797781,
        0.11897855, -0.61439779, -0.24341268,  0.33460421]), array([-0.66759725, -0.93010939,  0.55286195,  0.37274519, -0.21413111,
       -0.05940515,  0.61415466, -0.33705804,  0.74122061, -0.66825499,
       -0.5416544 , -0.11307218, -0.29905602,  0.91025335]), array([-0.04166557, -0.69650434,  0.32455258,  0.12326373, -0.80648404,
        0.00632955, -0.8759897 ,  0.81969927,  0.1488231 ,  0.77002011,
        0.66553528,  0.74126904, -0.67276275, -0.91729149]), array([ 0.83489477,  0.67731251, -0.3307384 ,  0.06998104,  0.57899908,
       -0.0391934 ,  0.40063024, -0.73143345,  0.5020504 ,  0.97697835,
       -0.13998324,  0.29291611, -0.24421495, -0.3783951 ])]","[array([ 0.29826855,  0.23703719, -0.83980075, -0.98590186,  0.45116859,
       -0.27834057,  0.04052742,  0.11002727,  0.40436468,  0.99656793,
       -0.74789216,  0.90882675, -0.73104717,  0.18219827]), array([ 0.00301279, -0.08031568, -0.6731304 ,  0.78888129,  0.32661875,
        0.48551768, -0.4629701 , -0.22471427,  0.43105701, -0.75736262,
       -0.53593921, -0.77604943, -0.02501176, -0.27971792]), array([ 0.39489446, -0.40161592,  0.9619522 , -0.03174319, -0.460841  ,
        0.6312131 , -0.73079556, -0.66133533,  0.81437593, -0.1215473 ,
        0.89801364,  0.90711732,  0.57158049,  0.58554276]), array([ 8.30269131e-01,  2.30257272e+00,  4.72552180e-01,  9.92890508e-01,
        5.56500837e-01,  2.48716010e-01,  7.16216657e-01,  8.14510252e-01,
        5.74686060e-02, -4.09594073e-01, -9.75078517e-01,  1.27622139e+00,
       -4.54586298e-01,  1.68138164e-03]), array([ 0.51068819,  0.31148494, -0.14269646, -0.08340176, -0.62777445,
       -0.72057609,  0.36533561, -0.87299375,  0.17887089,  0.8993355 ,
        0.70653563,  0.19448687,  0.22431529,  0.48932439]), array([-0.50718536, -0.87684255, -0.90284924,  0.1552312 , -0.41802064,
        0.8899534 , -0.83428292,  1.29466677, -0.48118057, -0.5204139 ,
        0.55369871,  0.04248579,  0.15123981, -1.11206326]), array([-0.43015006,  0.64026493,  0.13627572,  0.19717811, -0.78231467,
       -0.67261286,  0.76851252, -0.80695452, -0.95054971, -0.64778714,
       -0.56160789, -0.27133317,  0.08552331,  0.54803748]), array([ 0.98760117, -0.93138991, -0.67253905, -0.01872555, -0.26165579,
        0.25902502,  0.20160187, -0.46614099, -0.10270547, -0.13092905,
        0.62672634, -1.09803994, -0.13193139,  0.55484859])]","[array([-0.95102614,  0.53395662,  0.41946442,  0.36249735,  0.57868277,
       -0.15432486, -0.15336368,  0.36579069]), array([-0.11615989,  0.92881339,  0.99303597, -0.93211859,  0.58725502,
        0.1985256 ,  2.34114349, -0.19673784]), array([-0.33008259, -0.14444222, -1.66126549, -0.87865794,  0.90110988,
        0.25951815, -0.75612268, -0.98914089]), array([ 0.06180262, -0.99894352,  0.60810535,  0.64725258, -0.91234396,
        0.11772197, -0.43555771, -0.3232592 ]), array([-0.02298844,  0.63607074, -0.70452197, -0.17012188, -0.00118348,
       -0.89434854,  0.82485238, -0.29771269]), array([-0.85760664, -0.22494812, -0.85474339,  0.19584934,  0.11467955,
        0.11481434,  0.85156425,  0.55040388]), array([ 0.82875395, -0.29202967, -0.94479955, -0.22561028,  0.87711216,
       -0.20127251,  0.87743079,  1.47511726]), array([ 0.90425537, -0.25730067, -0.84426815, -0.59969533, -0.12713075,
       -0.60512643,  0.95075603,  0.54554836]), array([-0.45221738, -0.70939666,  0.97125857, -0.16993365,  0.65029467,
       -0.48726771, -0.17344382, -0.64823843]), array([-0.3429067 , -0.97465248, -0.11640178, -0.25369532, -0.64235628,
       -0.98680463,  0.36947591,  0.11507607]), array([ 0.15314637, -0.2366871 ,  0.36574995, -0.21343379, -1.07427261,
        0.35077869, -0.10172416, -0.90791217]), array([-0.91186183, -0.783301  , -0.10519139, -0.32453462,  0.17037633,
       -0.86076606, -0.12365832, -0.54730137]), array([ 0.74385912, -0.02223203, -0.04631039,  0.8605792 , -0.11760477,
        0.71807852, -0.41714602, -0.04118315]), array([ 0.78054755, -0.02099356, -0.85275164, -0.01241601, -1.84759072,
       -0.84218892,  0.81295588, -0.20980484])]",-0.8009756088256836
2,14,"[array([ 0.78535043,  0.80799189,  0.55431418,  0.71080211, -0.31760167,
       -1.22464642, -0.64052252, -0.63259348, -0.97069794,  0.86009889,
       -0.91258087,  0.58834285,  0.31970789, -0.55246148]), array([ 0.84071253, -3.24214705,  0.6196521 ,  0.89074682,  0.99267074,
       -0.64500021, -0.43609534, -0.07424249, -0.22664649,  0.25200186,
       -0.75296086,  0.44982458, -0.09918711, -0.83155664]), array([-3.02858512e-01,  1.37518756e-04, -2.59414512e-01,  8.65395515e-01,
        7.50054273e-01, -7.77401361e-01, -4.97024924e-01, -4.54201869e-01,
       -3.81177599e-01, -3.25975413e-01,  5.34799033e-03,  4.82150224e-01,
       -8.81683491e-02,  1.07454035e-01]), array([ 0.29757307,  0.66679435, -0.5469628 ,  0.30233091,  0.69033875,
       -0.19086854,  0.84597156, -0.3330642 , -0.93774913,  0.10721131,
        0.46699266, -0.87268993,  0.17698136, -0.53325865]), array([ 0.71234836,  0.28894939, -0.64648676, -0.47297985, -0.40451946,
        0.43327658,  0.20573003, -0.31137613, -0.93254773, -0.17615912,
        0.13039872,  1.16312688,  0.21333199, -0.31582936]), array([ 0.85224759, -0.90670455, -0.30991056, -0.96360696, -0.62131529,
        0.10953481, -0.63494471,  0.36678357,  0.8984253 , -0.57381538,
        0.43735429, -0.25525504, -0.78966808,  0.33446587])]","[array([ 0.92195963, -0.41145197,  0.9554641 , -0.85292071,  0.63370157,
       -0.72354381,  0.14467989, -0.29994084,  0.81233122,  0.16402183,
        0.93738631, -0.81713881, -0.9202052 , -0.80591257]), array([-0.13831394, -0.85733241,  0.68107307, -0.29437174,  0.29882278,
        0.896634  , -0.79371966, -0.27291773,  0.24602851, -0.36122655,
       -0.08786332, -0.83883069, -0.17024916, -0.20986572]), array([-0.63029047,  0.98663056, -0.32215131, -0.28388296, -0.39268423,
        0.21488196,  0.12587179, -0.14144017, -0.31496106, -0.8119954 ,
       -0.29855811, -1.9146278 ,  0.43843944, -0.96530822]), array([-0.94410281,  0.78578108, -0.31287495, -0.37049027,  0.49963043,
        0.70907127,  0.77797667,  0.12744469,  0.14061011, -0.38975311,
       -0.03779711,  0.00906428, -0.52624136, -0.30096957]), array([ 0.81527309, -0.14096387, -0.7760803 , -0.63407601, -0.7905133 ,
       -0.92863427, -0.10386607, -0.86168573, -0.02892415, -0.61561737,
       -0.3965524 ,  0.82744477, -0.275337  , -0.62886158]), array([-0.88243868,  0.47484211, -0.0267726 , -0.36052728, -0.06071334,
        0.51055991,  0.45882399,  0.5360053 ,  0.60614083, -0.70065344,
        0.63044807,  0.62201167, -0.31111864, -0.37197011]), array([-0.46016404, -0.17466518,  0.00946387,  0.60261661,  0.93437418,
       -0.23454414, -0.92541496, -0.96676991,  0.80913444, -0.31377098,
        0.01011463,  0.71592201,  0.61560894,  0.03442982]), array([ 0.97139531,  0.94678818,  0.31662185,  0.26951784,  0.99548667,
        0.61707676,  0.46565118,  0.01934977,  0.75908449, -0.47784638,
        0.57333836,  0.18449597,  0.24746249, -0.00204139])]","[array([-0.79669561,  0.77142289, -0.14758505, -0.72907152, -0.59635853,
       -0.35627006,  0.65986406, -0.965256  ]), array([ 0.88630133, -0.41693974, -0.97178597, -0.50233786, -0.72227812,
       -1.32163098,  0.51961772, -0.72215061]), array([-0.87845536,  0.56054982, -0.83685693,  0.75880472, -0.69818342,
        0.88855325,  0.19557789,  0.56695866]), array([-0.91811881, -0.12073568,  0.48040153,  2.17040779, -0.8643608 ,
       -0.43875738,  0.65483715,  0.16543032]), array([ 0.2678893 ,  0.05700071, -2.26026911,  0.48180406,  0.32177417,
        0.06528754, -0.02780654, -0.59450277]), array([ 0.92955443,  0.35347987,  1.79407722,  0.92468584, -0.20844324,
       -0.88185298, -0.68336394,  0.82569543]), array([-0.04933502,  0.48850107, -0.86862161, -0.18329758,  0.43692694,
       -0.15058728, -0.31153728,  0.47638632]), array([-0.81329165,  0.38907378, -0.92520541, -0.22835973,  0.24237149,
       -0.64831906,  0.6014215 ,  0.16635863]), array([-0.31291707, -0.89098667,  0.00389562, -1.11183595, -0.49736576,
       -0.49070403, -0.89715288, -0.57896321]), array([-1.15237875, -0.54987859,  0.2856521 , -0.35673588,  0.12792178,
        0.72748089,  0.01743903, -0.42421304]), array([-0.42759365, -0.30873087,  0.43472909,  0.89229992,  0.93517807,
       -0.99454308,  0.76535587,  0.13007868]), array([ 0.34462963,  0.52084219, -0.79357676, -0.88663215, -0.24026029,
        0.57297914,  0.10417807,  0.36544553]), array([-0.77109888,  0.50262201,  0.91253134, -0.16070261, -0.79056024,
       -0.57481633,  0.75068845,  0.26633765]), array([ 0.43190592,  0.41584634, -0.68211392, -0.74781387, -0.50469567,
        0.57704891,  0.45509848, -0.37370295])]",-0.33188648223876954
2,15,"[array([-0.34104881,  0.45189662,  0.96158199, -0.67857694,  0.15514981,
       -0.7868859 , -0.80100666,  0.36192692,  0.54812869, -0.30479029,
        0.94000645,  0.54933445,  0.51226987,  1.40846711]), array([-0.61364719,  0.93990226,  0.99246611, -0.14116056,  0.41106171,
        0.85043013, -0.01588079,  0.84802454, -0.64214055, -0.48288357,
       -0.63150413, -0.29724233, -0.26340875,  0.46860771]), array([ 0.51970192,  0.93208518, -0.51516593, -0.20227829, -0.96358824,
        0.05314864, -0.0201929 ,  0.40849489, -0.37036254,  0.04238663,
       -0.26374624,  0.10144354,  0.59757809,  0.12296376]), array([-0.92227575,  0.33814947, -0.43786423,  0.74437995,  0.0776281 ,
        0.24399712, -0.93774903, -0.90058757,  1.29721933,  0.85794981,
        0.61857836,  0.28650275,  0.39097245, -0.83580591]), array([ 0.69443368, -0.4007801 , -1.46563184,  0.84350592,  0.10158208,
        0.14886974,  0.65211351,  0.6735035 ,  0.06888563,  0.44355219,
       -0.88217649, -0.87507136, -0.63425657,  0.12091465]), array([ 0.22957112,  2.14126479,  0.5280835 , -0.01736619, -0.712094  ,
       -0.5968508 ,  0.37989519,  1.15191158,  0.86369853, -0.30565642,
        0.02537268, -0.51004186, -0.4944865 , -0.19270494])]","[array([ 0.01852366,  0.01441599, -0.5696654 , -0.54693647,  0.56718974,
        0.54973874,  0.6564215 , -0.34232638,  0.20799955,  0.04759528,
        0.72482041,  0.55095986, -0.30756996,  0.79043836]), array([ 0.52687293,  0.27430726, -0.9008548 , -0.53462441, -0.16203835,
       -0.07961536,  0.45439469, -0.71409817, -0.19399394,  1.70626054,
       -0.95026954,  0.52869149,  0.48582571,  0.96169169]), array([ 0.33095325,  0.48075115, -0.37846916, -0.46924776, -0.55916227,
       -0.03378984,  0.07274429,  0.71922984, -0.18674137,  0.35421342,
       -0.33591215,  0.8247932 , -0.10632303, -0.21293611]), array([ 0.56401892,  0.11808218,  0.83471573, -0.24692546,  0.27562914,
       -0.41143939, -0.19371831, -0.33903697,  0.47103304, -0.44445827,
        0.29366745,  0.46481119, -0.9884993 ,  0.91543004]), array([-7.60531138e-01, -9.69756868e-01, -6.64919720e-01,  2.33914453e-01,
       -8.17519680e-01, -3.19379189e-01, -6.97953217e-01, -7.99189400e-01,
        7.42681756e-01,  5.76209204e-04, -9.62089264e-01, -9.97169152e-01,
        3.49558553e-01, -7.30206683e-01]), array([ 0.06020904,  0.206101  ,  0.9180418 , -0.74748798,  0.57595608,
       -0.90437899,  0.54670254,  0.8100053 ,  0.00398672, -0.62508289,
        0.46914466, -0.14755168,  0.69227941, -0.46299469]), array([ 0.16387573, -0.44285596,  0.63187594,  0.02597119, -0.73158604,
        0.76299227,  0.58796772, -0.06984005, -0.47736521,  0.65820016,
       -0.65478408,  0.01195278, -0.05519365,  0.23663836]), array([-0.3116541 ,  0.87175055, -0.80550001,  0.589702  ,  0.78250879,
       -0.55085304, -0.90657135, -0.75300272, -0.47580931, -0.68801397,
       -0.84896898, -0.80156173,  0.54771703,  0.95089103])]","[array([-0.79669561,  0.77142289, -0.14758505, -0.72907152, -0.59635853,
       -0.35627006,  0.65986406, -0.04909033]), array([ 0.88630133, -0.41693974, -0.97178597, -0.50233786, -0.41589421,
       -1.32163098,  0.51961772, -0.72215061]), array([-0.87845536,  0.56054982, -0.83685693,  0.75880472, -0.69818342,
        0.88855325,  0.19557789,  0.56695866]), array([-0.91811881, -0.07450096,  0.48040153,  0.12713736, -0.56503595,
       -0.43875738,  0.65483715,  0.16543032]), array([ 0.2678893 ,  0.05700071, -0.92142502,  0.48180406,  0.32177417,
        0.06528754,  0.37558889, -0.59450277]), array([ 0.92955443, -0.11543249,  0.96728194,  0.92468584, -0.20844324,
       -0.88185298, -0.68336394,  0.82569543]), array([-0.04933502,  0.48850107, -0.86862161, -0.18329758,  0.43692694,
       -0.15058728, -0.31153728,  0.47638632]), array([-0.81329165, -0.14740838, -1.14618682, -0.22835973,  0.24237149,
       -0.64831906,  0.6014215 ,  0.16635863]), array([-0.31291707, -0.89098667,  0.00389562, -1.11183595, -0.49736576,
       -0.49070403, -0.91193092, -0.57896321]), array([-0.35399285, -0.54987859,  0.2856521 , -0.35673588,  0.12792178,
        0.72748089,  0.01743903, -0.42421304]), array([-0.42759365, -0.30873087,  0.01657099,  0.89229992,  0.93517807,
       -0.99454308,  0.76535587,  0.13007868]), array([ 0.62125503,  0.52084219, -0.79357676, -0.88663215, -0.24026029,
        0.57297914,  0.10417807,  0.36544553]), array([-0.77109888,  0.50262201,  0.00498956, -0.16070261, -0.05703324,
       -0.57481633,  0.75068845,  0.26633765]), array([ 0.43190592, -0.80165033, -0.68211392, -0.74781387, -0.50469567,
        0.57704891,  0.45509848, -0.37370295])]",0.8685750007629395
2,16,"[array([-0.98104396, -0.90500502,  0.82262383, -0.03710824,  0.75172422,
       -0.45040519,  0.94489447,  0.27900042,  0.5997785 , -0.21952336,
        0.72411564, -0.94656724,  0.14461628,  0.14029518]), array([-0.17887881, -0.0640045 ,  0.84801757, -0.40537226, -0.0728178 ,
       -0.02025955,  0.55463514, -0.10184623,  0.38884284,  0.40858728,
       -0.05427422, -0.73835979, -0.87606774, -0.52783836]), array([ 0.71135412,  0.54389681, -0.34881549,  0.71234486, -0.5591314 ,
       -0.16386996, -0.20055978,  0.01548324, -0.52122053,  0.40291771,
       -0.36341473, -0.73884504, -0.26914925, -0.85233709]), array([-0.50256723,  0.17529928,  0.52985759, -0.89861543, -0.8725594 ,
        0.9019859 ,  0.68768317, -0.36724534, -0.46745244,  0.93871914,
       -1.39135685, -0.15396301, -0.51005325,  0.05583516]), array([-0.7009783 , -0.5829777 , -0.08846921,  0.52594002,  0.12554693,
        0.41335027, -0.91331607, -0.32850118,  0.83698904,  0.6419541 ,
       -0.61013664,  1.2125594 ,  0.80923713,  0.53750699]), array([ 0.66680036, -0.09110619,  0.44529317,  0.34712781, -0.29796193,
        0.57925295,  0.97861591, -0.53716873,  0.87378363,  0.00172796,
        0.50563712,  0.82646194, -0.38864021, -0.16739107])]","[array([ 0.13933759, -0.68772731,  0.56589287,  0.32695285,  0.06127326,
       -0.531846  ,  0.91361606,  0.93079618, -0.25205098, -0.94914513,
       -0.8181429 ,  0.1247868 , -0.39108875,  0.29710975]), array([-0.71000053, -1.37021929,  0.71087243,  0.35060359,  0.10190729,
       -0.25296887,  0.41517528,  0.50482404, -0.05734567,  0.16847171,
       -0.04027184, -0.24104631,  0.02014068,  0.56353711]), array([-0.42794364, -0.58546144,  0.80947361,  0.62355176,  0.84983732,
        0.18191928,  0.45129051,  0.99013995, -0.2378173 , -0.28592512,
       -0.61924546, -0.30448069,  0.21309921, -0.42915675]), array([-0.99215167, -0.77940862, -0.12876609, -0.07234846, -0.05909985,
        0.03968768, -1.93508209,  0.6867984 ,  0.78972182,  0.02214236,
        0.9361163 , -0.14997181, -0.39709033, -0.7893476 ]), array([ 0.1894838 ,  0.80353935,  0.97984004, -0.72292127, -0.93421808,
       -0.78992478, -0.58231796, -0.90088013,  0.43154735, -0.92006246,
       -0.24271084, -0.98036267,  0.40616418, -0.96542084]), array([ 0.80085111,  0.3709503 , -0.36636236, -0.15858234,  0.51085236,
       -0.81770391, -0.90568981,  0.41700267,  0.73887826,  0.16173365,
        0.89031286, -0.37206435,  0.93961221,  0.63597762]), array([-0.37651075, -0.8378438 ,  0.09939402, -0.24046221,  0.20011477,
        0.61708513,  0.67955135, -0.20121449,  0.3968147 , -0.22074759,
       -0.90862514, -0.16756364,  0.00892355, -0.18683441]), array([-0.05765777, -0.66733884,  1.28427803, -0.25935146, -0.94554409,
        0.71874123, -0.74742138,  0.1642281 ,  0.69210946,  0.69455025,
       -0.04879703, -0.2855276 , -0.56802458, -0.95867641])]","[array([-0.38989545,  0.35211939, -0.24575602, -0.45448854, -0.60775054,
       -0.94563498,  0.09712373, -0.69814159]), array([ 0.05731448,  0.59513775, -0.7934126 , -0.54316718, -0.89588735,
       -0.47251745,  0.10046611,  0.41505735]), array([ 0.89996824, -0.91532712, -0.44261307, -0.1465896 , -0.88987259,
       -0.81371733, -0.05632983,  0.54633359]), array([ 0.26900294, -0.95237991, -0.08882472,  0.35213796, -0.45602304,
        0.68436458, -0.97162008, -0.44364258]), array([-0.16414652,  0.93361558,  0.02376104, -0.53241028,  0.84096473,
        0.24731805,  0.78977727, -0.48192849]), array([ 0.62979468, -0.18226529, -0.77421052, -0.65216526,  0.98839591,
       -0.2435754 , -0.23221674, -0.73813236]), array([ 0.64457483,  0.6468411 , -0.37216158, -0.42851314, -0.89753217,
       -1.39406914, -0.4582681 ,  0.90698273]), array([-0.08139389, -0.32870167, -0.20187974, -0.51975816, -0.22761306,
       -0.38468211,  0.73862286,  0.95988408]), array([-0.94439528,  0.42081884, -0.83485077, -0.92769935,  0.59317444,
        0.53645455, -0.87331372,  0.40340831]), array([ 0.09999515,  0.45580709,  0.11383382,  0.56427867, -0.68375354,
       -0.0097543 , -0.56492228,  1.16933151]), array([-0.70960349,  0.44513473, -0.62680846, -0.91536639, -0.46061109,
       -0.03704369,  0.05469539, -1.33133657]), array([-0.83550221,  0.6413676 ,  0.89777873, -0.58314901, -0.44425183,
        0.49183661, -0.19186488, -0.76033883]), array([-0.72349903, -0.38612379, -0.13075238,  0.3417101 ,  0.43596649,
        0.93484438,  0.92390357, -0.6439056 ]), array([-0.52035363,  0.64691787,  0.20456883,  0.77185282,  0.9769103 ,
       -0.84850434,  0.74649479, -0.99373342])]",-0.9224870681762696
2,17,"[array([-0.77200705,  0.48267136, -0.04365926, -0.40839638,  0.79723681,
       -0.25821926, -2.13968069, -0.1938625 , -0.10506257,  0.91618337,
        0.48377139, -0.55660381, -0.56835114, -0.61566214]), array([ 0.09048036, -0.60262897, -0.40372718,  0.60357921,  0.65399258,
        2.4649841 , -0.11387384,  0.45702398,  0.16220503, -0.83494931,
        0.06568018,  0.77434133,  0.23072892,  0.37947232]), array([-0.74686414,  0.9479953 , -0.25857893,  0.49843272,  0.91321203,
       -0.27120338,  0.57507847, -0.09539706,  0.19198576,  0.68896575,
       -0.80620147,  0.64945178, -0.07816847, -0.41572308]), array([ 0.82320183, -1.59275457, -0.7518127 , -0.11780404, -0.05835698,
       -0.84821028,  0.83312039, -0.31576446, -0.46462187, -0.52882411,
       -0.58103631,  0.77903348, -0.08989641,  0.9444222 ]), array([-1.12138504,  0.12692924,  0.4650631 ,  0.25457711,  0.27032148,
       -0.83467216, -1.07752421,  0.73156065, -1.47920006,  0.98196639,
        0.20467136, -0.84173554,  0.85802727,  0.17448855]), array([ 0.28890821, -0.7455931 ,  0.68799725, -0.05149037, -0.94644255,
       -0.40811488, -0.77665082, -0.32309398, -0.22784197,  0.38872779,
       -0.04709779,  0.01363032, -0.13580266,  0.36809603])]","[array([-0.68733694,  1.22448122, -0.3213263 ,  0.10385552, -0.72290482,
       -0.28181467,  0.00836547,  0.57657015,  0.75077343,  0.76552736,
       -0.77969263, -0.19162324,  0.52509532,  1.10874857]), array([-0.61011534,  0.45288016, -0.35942456, -0.01229553,  0.10264025,
       -0.37752743,  0.14928916,  0.83857711,  0.23466827,  0.98887104,
       -0.93948241,  0.54664667,  0.28868856, -0.07105803]), array([-0.21914953, -0.80500416,  0.83978785, -0.05208437,  0.86945281,
       -0.07288808,  0.99791508,  0.12605555,  0.16076023,  0.36130744,
       -0.76879975, -0.10179802, -0.19992587,  0.74370103]), array([-0.34524463,  0.96750262,  0.52117917,  0.27187833, -0.86424333,
        0.51617065,  0.63235123,  0.20077866,  0.79868991,  0.57441363,
        0.51997109, -0.85705492,  0.45712371,  0.84575011]), array([ 1.19067108e-01,  7.70955069e-01,  8.76139520e-01, -4.14853217e-01,
        1.34586215e-01,  9.54260412e-01,  5.39297169e-01, -5.85652937e-01,
       -4.63525656e-01,  3.92245691e-01,  8.06768545e-01, -8.65421434e-02,
        8.21802016e-04,  4.46879930e-01]), array([-0.75914313,  0.0361136 ,  0.23982118,  0.93664246,  0.28450395,
       -0.76885313,  0.33544915, -0.87194284, -1.20087298,  0.88236117,
        2.75136606,  0.5671263 , -0.05359226, -0.8025171 ]), array([-0.51910198,  0.11496306,  0.25684357, -0.80575004, -0.09294001,
       -0.71441809, -0.26257725, -0.473229  , -0.36687244,  0.91878407,
       -0.06224617,  0.50061592, -0.44965485,  0.19846582]), array([-0.66891594,  0.63650994,  0.59554086,  0.44304158,  0.93038165,
       -0.02304141, -0.47709347,  0.51057118,  0.98119565,  0.47387275,
        0.92115124, -0.351842  , -0.6094564 , -0.77029557])]","[array([-0.36648654, -0.34594814, -0.80580182, -0.09641133,  0.14699248,
       -0.07097077, -0.34468567, -0.35932544]), array([ 0.8685341 , -0.42371301,  0.27718331,  0.53209562, -0.16078036,
       -0.95981072, -0.84188027,  0.1453993 ]), array([-0.27595727,  0.96217734,  0.99290055, -0.62197942,  0.89831463,
       -0.80115589, -0.10062973,  0.25528335]), array([ 0.99718789, -0.05167519, -0.52398001,  0.25903387,  0.40721757,
       -0.95982751,  0.79693432, -0.25054979]), array([-1.05725734, -0.14204299,  0.48345116,  0.58516202,  0.05190205,
        0.69566676, -0.66013301,  0.70198947]), array([ 0.70676732,  0.23302941, -0.97826494,  0.26762345, -0.41344815,
       -0.34182344, -0.34855525, -0.69422738]), array([-0.32313824,  0.49547751,  0.5918625 , -0.21407813, -0.52646242,
       -0.07123297, -0.23958978,  0.5959721 ]), array([ 0.25349667,  0.42220194,  0.55859601, -0.53425017,  0.5125234 ,
       -0.06938332, -0.51940484, -0.4803005 ]), array([-0.65244329,  0.79817542, -0.97584898,  0.29301212,  0.09647746,
        0.9602439 ,  0.22068087,  0.33419093]), array([ 0.18171122,  0.95009415, -0.83717974,  0.46840867,  0.51164909,
        0.7539856 ,  0.41352791,  0.79265487]), array([ 0.69679121, -1.36565846, -0.63716211, -0.48486011,  0.9169526 ,
       -0.20375116,  0.9247468 ,  0.31108185]), array([-0.50951163,  2.43185975,  0.85646549,  0.70279262, -0.41242155,
        0.88938064, -0.61766054,  0.9258445 ]), array([-0.40082368, -0.53392267,  0.00413389, -0.08574344, -0.57655117,
        0.66246418, -0.32569244, -0.07659253]), array([-0.75857737, -0.57329193,  0.1219893 ,  0.35009983,  0.23106042,
        0.91942053, -0.65612221, -0.30265557])]",-0.5865121841430664
2,18,"[array([ 0.78535043,  0.80799189,  0.55431418,  0.71080211, -0.55665547,
       -0.67885267, -0.6354568 , -0.63259348, -0.97069794,  0.86009889,
       -0.91258087,  0.60936317,  0.31970789, -0.55246148]), array([ 0.84071253, -0.96444301,  0.6196521 ,  0.89074682,  0.70409385,
       -0.64500021, -0.43609534, -0.07424249, -0.22664649,  0.25200186,
       -0.75296086,  0.44982458, -0.18660313, -0.83155664]), array([-0.86082134,  0.46426031, -0.25941451,  0.86539552,  0.75005427,
       -0.48302709, -0.41388521,  0.58339732, -0.40966114, -0.32597541,
        0.00534799,  0.48215022, -0.06434985,  0.10745404]), array([ 0.29757307,  0.93444691, -0.13357481,  0.38070049,  0.69033875,
       -0.19086854,  0.84597156, -0.67281542, -0.93774913,  0.016582  ,
        0.46699266, -0.87268993,  0.17698136, -0.53325865]), array([ 0.9518652 ,  0.28894939, -0.64648676, -0.47297985, -0.84487956,
        0.65898905,  0.42460027, -0.31137613, -0.93254773, -0.17615912,
        0.13039872,  0.87918169,  0.21333199, -0.11301849]), array([ 0.69545373, -0.90670455, -0.30991056, -0.96360696, -0.62131529,
        0.10953481, -0.63494471,  0.47632791,  0.74669059, -1.13161688,
        0.43735429, -0.25525504,  0.32240585,  0.33446587])]","[array([ 0.26129494, -0.41145197,  0.9554641 , -0.85292071,  0.63370157,
       -0.72354381,  0.14467989, -0.29994084,  0.81233122,  0.16402183,
        0.93738631, -0.81713881, -0.9202052 , -0.80591257]), array([-0.00441222, -0.85733241,  0.34363091, -0.29437174,  0.29882278,
        0.896634  , -1.07035092, -0.58823671,  0.24602851, -0.36122655,
        0.02349222, -0.83883069, -0.02182744, -0.06237569]), array([-0.63029047, -0.86051544,  0.0198665 , -0.18118736, -0.37471989,
        0.86624162,  0.47534694, -0.2319273 , -0.35312639,  0.59865637,
        0.13402814, -0.78800193,  0.20282681, -0.25692311]), array([-0.68184365, -0.87697345, -0.950171  , -0.93327516, -0.56233707,
        0.50383288, -0.3164581 ,  0.49722466, -0.42904293, -0.58213   ,
       -0.18610021,  0.12491531, -0.8864008 , -0.88213514]), array([ 0.82118753,  0.87553019,  0.83514082,  0.71201116, -0.56894618,
        0.08312138,  0.04458444, -0.83038665, -0.63980791, -0.49974401,
        0.21981459, -0.90775883,  0.6157572 ,  0.87318091]), array([ 0.1595675 ,  0.67843821,  0.02379442,  0.32050489, -0.08830095,
       -0.70104369,  0.40408306,  0.74807345, -0.82218582, -0.56277159,
       -0.09004011,  0.50458689, -0.73506589, -0.38552969]), array([ 0.05174885,  1.60171564, -0.28550948, -0.06466848, -1.40242386,
        0.21209859, -0.39731076,  0.31711187,  0.54173847, -0.26507061,
       -0.3316606 ,  0.94848298, -0.27065013, -0.87935529]), array([ 0.09837756,  0.45451248, -0.92200891,  0.09348379,  0.13481012,
        0.38573376, -2.74692747, -0.79479775, -0.10232413, -0.2266376 ,
       -0.1047481 ,  0.78991226,  0.51803839, -0.81399136])]","[array([ 0.19796021,  0.2681403 , -0.56333342,  0.1491822 , -0.22762611,
       -0.01588332,  0.3481422 ,  0.07760145]), array([ 0.31318596,  0.4345594 , -0.3070587 ,  0.64765312, -0.33186955,
        0.10193755,  0.71340846, -0.8500119 ]), array([ 0.41277258,  0.28342424, -0.91665857, -0.47666693, -0.48558676,
        0.14249438, -1.228991  ,  0.4058389 ]), array([-0.9176777 , -0.53357729, -0.51700245, -0.62558757, -0.27707305,
        0.64737138,  0.01305573,  0.27261608]), array([ 4.82447881e-01,  3.56725729e-02,  4.80365804e-01,  7.02913790e-01,
       -9.59851381e-01, -1.08010902e-01, -1.03247064e-04,  2.20320669e-01]), array([ 0.82860505,  0.24061492,  0.43290312, -0.32405324,  0.52484493,
        0.09865949,  0.40260519, -0.18925254]), array([-0.50962637, -0.14502825, -0.16232889, -0.30600966, -0.26774469,
        0.07724529,  0.49199382, -0.3645999 ]), array([ 0.62750241, -0.47823704,  0.10272217,  0.08872245,  0.31759123,
        0.71579248, -0.6008916 ,  0.6640447 ]), array([ 0.22887434,  0.74601597, -0.82515768,  0.69713868, -0.25245185,
        0.07984177,  0.66314693,  0.93310319]), array([-0.36048859,  0.21395339,  0.8659543 ,  0.85515588,  0.539651  ,
       -0.51128443, -0.67493554, -1.83512552]), array([ 0.3322995 ,  0.47956732,  0.21607633, -1.77579526,  0.69057796,
       -0.74352822,  0.93547695, -0.19732879]), array([ 0.30184252, -0.40441197,  0.42241965,  0.03201784,  0.06029218,
        0.80672403, -0.51361345, -0.37856274]), array([ 0.34951437, -0.73352238, -0.58134036, -0.89597132,  0.31834645,
        0.1852848 ,  0.10825943,  0.64861331]), array([-0.93327717, -0.9930547 ,  0.61062261,  0.4251131 , -0.01442181,
        0.69496931, -0.52306878,  0.75369841])]",-0.32660560607910155
2,19,"[array([-0.83050789, -0.10265858,  0.21141951,  0.91212652, -0.06276608,
       -0.5557251 ,  0.03089212, -0.42583221,  0.14365391, -0.11013373,
        0.11318017,  0.2321873 ,  0.89564816,  0.83693472]), array([-0.18383824, -0.76129116,  0.97843043, -0.36323389,  0.99517115,
        0.01955474, -0.88714504,  0.77112751,  1.31819719, -0.39235108,
        0.04385484, -0.77627044,  0.36422055,  0.49617605]), array([-0.42354857,  0.61748008,  1.46690062, -0.8978045 ,  0.92204686,
        0.9922276 , -0.42871195,  0.69035138, -0.61020672,  0.30210237,
        0.63290442,  0.87145239,  0.56950122, -0.85859792]), array([-0.80274925, -0.48017913,  0.65969775, -0.65575804, -0.54785302,
       -0.70401319,  0.23142338, -1.29599795,  0.62613368,  0.17039138,
       -0.80207726,  0.64564722,  0.18856301,  0.09151155]), array([ 0.87815663, -0.04295889,  0.14587356, -0.04335589,  0.19340488,
        0.17079647,  0.05042178,  0.38488342, -0.48858334,  0.35008453,
       -0.84935306,  0.68066761, -0.80727497,  0.18953242]), array([-0.23571371,  0.58674767, -0.05311681, -0.12259585, -1.96691372,
        0.73534795,  0.01757341, -0.95926471,  0.25377726, -0.92436911,
       -0.41254306, -0.43217222, -0.13501326, -0.16992919])]","[array([-0.60645325, -0.69165456, -0.51792842,  0.35263234,  0.91049781,
       -1.01107815,  0.12913058, -0.71319188,  0.64220023, -0.16362351,
        0.0905472 , -0.96603772,  0.41874313, -0.27759845]), array([-0.51972466, -0.64114788,  1.06140726, -0.46302613, -0.63689635,
       -0.45487782, -0.19005739, -0.03815583, -0.53064003,  0.7821532 ,
        0.73141257,  0.14198801,  0.02598414,  0.45726042]), array([ 0.27096193, -1.26116612,  0.62176428,  0.90611844,  0.60864805,
        0.92430162, -2.17173284, -0.11677466,  1.33604999, -0.97899746,
        0.26657726,  0.53924702,  0.44198311,  0.61014534]), array([-0.72267159,  0.07162582, -0.01092794, -0.54019746,  0.77366998,
       -0.54396813, -0.05569342,  0.77322345,  0.20095332,  0.6840647 ,
       -0.12659072,  0.49636492,  0.21964723, -0.85713388]), array([-0.14080845, -0.58038903,  0.08917501,  0.87669575, -0.56471054,
        0.4408268 ,  0.19454371,  0.37186114, -0.0230818 , -0.0193275 ,
       -0.89708327,  0.25857548,  0.71398525,  0.04961277]), array([-0.54521626, -0.45192702, -0.92815756,  0.75053506,  0.35039411,
        0.31486277,  0.07018012,  0.02591266,  0.07875345, -0.62878051,
        0.3382676 ,  0.55102748, -0.85755899,  0.23947491]), array([-0.88606449,  0.29354797,  0.94592331, -0.08021303, -0.82045388,
       -0.87442529,  0.52467796,  0.53439375,  0.14355732, -0.29945747,
        0.73278583, -0.4746614 ,  0.95223858,  0.93561923]), array([-0.86167549,  0.90368799, -0.70397603,  0.98902523, -0.9735646 ,
       -0.11922077,  0.2560771 ,  0.5990288 , -0.54407155, -0.17507154,
        0.31129595, -0.99917127, -1.16316586,  0.03716684])]","[array([ 0.19796021,  0.2681403 , -0.56333342,  0.1491822 , -0.22762611,
       -0.01588332,  0.3481422 ,  0.13179836]), array([ 0.31318596,  0.4345594 , -0.10786292,  0.82967567, -0.33186955,
        0.10193755,  0.71340846, -0.8500119 ]), array([ 0.41277258,  0.28342424, -0.91665857, -0.47666693, -0.48558676,
       -0.10177751, -1.228991  ,  0.4058389 ]), array([-0.9176777 , -0.53357729, -0.51700245, -0.62558757, -0.27707305,
        0.64737138,  0.01305573, -0.61628932]), array([ 4.82447881e-01,  3.56725729e-02,  4.80365804e-01,  7.02913790e-01,
       -9.59851381e-01, -1.08010902e-01, -2.50059037e-04,  7.90904961e-01]), array([ 0.82860505,  0.51895788,  0.43290312, -0.32405324,  0.52484493,
        0.09865949,  0.40260519, -0.18925254]), array([-0.50962637, -0.14502825, -0.16232889, -0.30600966, -0.26774469,
        0.07724529,  0.49199382, -0.3645999 ]), array([ 0.62750241, -0.47823704,  0.09650258,  0.04702928,  0.31759123,
        0.71579248, -0.6008916 ,  0.6640447 ]), array([ 0.22887434,  0.74601597, -1.22177151,  0.69713868, -0.25245185,
        0.07984177,  0.66314693,  0.93310319]), array([-0.36048859,  0.21395339,  0.8659543 ,  0.85515588,  0.539651  ,
       -0.34297347, -0.67493554, -3.36200464]), array([ 0.3322995 ,  0.47956732, -0.07311078, -1.77579526,  0.69057796,
       -0.74352822,  0.93547695, -0.19732879]), array([ 0.30184252, -0.40441197,  0.42241965,  0.03201784,  0.06029218,
        0.80672403, -0.92901642, -0.37856274]), array([ 0.34951437, -0.73352238, -0.58134036, -0.89597132,  0.31834645,
        0.1852848 ,  0.10825943,  0.64861331]), array([-0.93327717, -0.9930547 ,  0.61062261,  0.4251131 , -0.01442181,
        0.52328356, -0.52306878,  0.84399965])]",-1.015413475036621
2,20,"[array([-0.74376263, -0.70630947, -0.01058547,  0.99707166,  0.7787544 ,
        0.32230778,  0.99779049, -0.4792976 ,  0.94839875,  0.14112404,
        0.69148641, -0.61959291, -0.60280751,  0.02268947]), array([-0.49308651, -0.01462996, -0.49714937, -0.97802921,  0.62912702,
       -0.29828765,  0.00998425,  0.02309853, -1.08001145, -0.15763314,
        0.09984078, -0.05622402,  0.5091794 ,  0.68908951]), array([-0.69689132,  0.25311294, -0.58222326, -0.89222915, -0.27632726,
        0.75339591, -0.90431274, -0.7634151 , -0.07336801,  0.47390541,
        0.83314197,  0.32533484, -0.42526238, -0.91953793]), array([-0.9214822 ,  0.196152  , -0.27426626, -0.20701207,  0.10623296,
       -0.9201014 ,  0.68071304,  0.16182026,  0.48830998,  0.32239447,
        0.02183252, -0.62876374, -0.25010017,  0.68510601]), array([-0.01730412,  1.07348521, -0.63556427, -0.59235236, -0.34729322,
       -0.85386401, -0.03669997,  0.51899326, -0.44896074, -0.49879961,
       -0.26498641,  0.18721647,  0.52911301,  0.00295504]), array([ 0.5294336 , -0.78565569, -0.64180454, -0.15102175, -0.72737406,
       -0.23238004, -0.41920443, -0.91653232, -0.75970805, -0.47459572,
        0.1212056 , -0.40105836,  0.59943695,  0.29625423])]","[array([ 0.99300803, -0.0948889 , -0.23371833,  0.06959942,  0.73430414,
       -0.8071738 ,  0.50242518,  0.79674322,  0.40360853,  0.5868099 ,
        0.54632349,  0.80615379,  0.80635639, -0.69502989]), array([-0.110745  ,  0.46594137,  0.56966859,  0.69870708, -0.49609459,
        0.50340703,  0.15682023,  0.59561851,  0.14314864,  0.89716035,
        0.06472824, -0.33894987,  0.80514087, -0.31260266]), array([-0.91528652,  0.61964212, -0.16264138, -0.9720281 , -0.03078159,
       -0.67334896,  0.57434387, -0.84719144, -0.03047052,  0.45188491,
       -0.7923376 ,  0.22502593, -0.40246804,  0.69136452]), array([-0.71841108, -0.53764421,  0.40083331, -0.94208815,  0.45469182,
       -0.86654114,  0.22853276,  0.16691144, -0.86370421,  0.84416338,
       -0.43032973,  0.57605185,  1.15654941,  0.59114402]), array([-0.09087459, -0.14096387, -0.7760803 , -0.63407601, -0.7905133 ,
       -0.92863427, -0.10386607, -0.86168573, -0.02892415, -0.61561737,
       -0.3965524 ,  0.82744477, -0.275337  , -0.62886158]), array([-0.88243868,  0.47484211, -0.14502088, -0.36052728, -0.06071334,
        0.51055991,  0.45882399,  0.5360053 ,  0.60614083, -0.70065344,
        0.63044807,  0.62201167, -0.31111864, -0.37197011]), array([-0.46016404, -0.17466518,  0.02699636,  0.42982514,  1.38765747,
       -0.23454414, -0.92541496, -0.96676991,  0.80913444, -0.31377098,
        0.01011463,  0.71592201,  1.4255135 ,  0.03442982]), array([ 0.97139531,  0.94678818,  0.31662185,  0.26951784,  0.99548667,
        0.61707676,  0.46565118,  0.01934977,  0.75908449, -0.47784638,
       -0.11579113,  0.35818194, -0.845359  , -0.86401406])]","[array([-0.03779446, -0.51248618, -0.44116186, -0.61464947,  0.74326305,
        0.01390874,  0.6654786 , -0.77822882]), array([ 0.23422848, -0.92774235, -0.25806791, -0.07557191,  0.54045127,
       -0.50547471,  0.27626529,  0.78640986]), array([ 0.63608942,  0.62936246, -0.04263817,  0.32054237, -0.58056771,
        0.78410298,  0.03400809,  0.68322299]), array([ 0.75037809,  0.16668438,  0.03815766, -0.30435261, -0.50392585,
        0.25108883,  0.68300357,  0.26990949]), array([-0.57737575, -0.92666594, -0.97113891, -0.17612211, -0.81357327,
        0.19052894,  0.23796131,  1.62961741]), array([-0.67188262, -0.86506494,  0.57964014, -0.00937226, -0.84518694,
       -0.35404403, -0.359718  ,  0.70083696]), array([ 0.9676479 , -0.30106361, -0.65373415,  0.782543  , -1.68130992,
       -0.45950927,  0.05456941, -0.78954148]), array([ 0.17365726,  0.67538411, -0.97622397,  0.20067946,  0.08171368,
        0.86383144,  0.25254043,  0.83379838]), array([ 0.85257495,  0.74135505,  0.95681166, -0.32758223,  0.81812159,
       -0.95897868,  0.17993809, -0.65534123]), array([-0.51366836,  0.58879582,  0.16442244, -0.00117343, -0.18271502,
        0.24423176,  0.63785841, -0.46057038]), array([-0.62486231, -0.46140129, -0.97044746,  0.73592974, -0.19542504,
        0.16019198, -0.49419737, -0.54745163]), array([ 0.33764666,  0.75550107,  0.59928532,  0.20387597,  0.32128143,
        0.51027569, -0.07349054, -0.20318692]), array([-0.75332591, -0.31858094,  0.85898824,  0.16938033, -0.8355908 ,
        0.18541752,  0.77449313,  0.951766  ]), array([ 0.3115553 ,  0.35558536,  0.05531331,  0.78860653, -0.34291054,
        0.71401259, -0.97032698, -0.81350967])]",-1.0906848907470703
2,21,"[array([ 0.55869023, -0.15647363, -0.58701257,  0.22260246,  0.54459109,
       -0.44000398, -0.34407975,  0.52115087,  0.09499639,  0.48518682,
       -0.63002913,  0.81989363,  0.59884449, -0.67676617]), array([ 0.84975175,  0.45520731, -0.86282779,  0.80818302,  0.15472433,
        0.96591813, -0.47954524,  0.25667733, -0.30913269,  0.71462311,
        0.95739695,  0.93547322, -0.61951657, -0.75313751]), array([ 0.82043339,  0.75968645,  1.15918541, -0.27275095, -0.44871143,
        0.13974133, -0.75212253, -0.65945607,  1.28082019,  0.41810452,
       -0.16263436,  0.03315681, -0.66047181, -0.15683612]), array([ 0.28354541, -0.24674534,  0.86014963,  0.4006785 , -0.20469854,
        0.82092792,  0.49065572, -0.41170366, -0.97906308, -0.35777225,
        0.13849413,  0.9497186 ,  0.44792226, -0.98478839]), array([-0.83299539, -0.39773838,  0.59396035,  0.71356736,  0.57484187,
        0.47656278, -0.67439598,  0.22622123,  0.19192637, -0.30327785,
        0.77252352,  0.9878251 ,  0.61124543, -0.09641641]), array([-0.40604831,  0.48772087,  0.70281838,  0.19363569,  0.21605251,
        0.70600515,  0.17625083, -0.45796155, -0.04428252, -0.99567479,
       -0.49039063, -0.67729241,  0.8351714 ,  0.2297807 ])]","[array([-0.06210986,  0.01897365, -0.51218965,  0.38761047,  0.79019296,
        0.71517027, -0.46435268,  0.23924329,  0.10106293,  0.72253194,
        0.49198648,  0.74083649, -0.07453677,  0.52683725]), array([-0.12933428,  0.72649913,  0.64364886, -0.25885204,  0.64377996,
        0.66662204,  0.37347602,  0.02465237, -0.90872359,  0.77435834,
       -0.67719398, -0.10407053,  0.23819381, -0.33616507]), array([ 0.62386762,  0.07601736, -0.32789458,  0.13066978,  0.46332964,
        1.33508725,  0.27573384, -0.03770179,  0.85003818, -0.20011274,
        0.23238915, -0.72645279,  0.48181049,  0.82578181]), array([-0.91778324,  0.89696746,  0.23690239, -0.25832276, -0.82961942,
       -0.15668354, -0.68150303,  0.41132668,  0.31779811, -0.38829644,
        1.39323619, -0.34596749, -0.04933218, -0.8422672 ]), array([-0.19543966,  0.67130611, -0.42444227, -0.03138096,  0.07149086,
       -0.87540558, -0.53487698, -0.35288003,  0.60673437,  0.39375619,
       -0.92776446,  0.68996833, -0.76349978, -0.26815215]), array([-0.72065786, -0.31549503, -0.61793576,  0.75875428, -0.12679199,
        0.25502423, -0.536958  ,  0.85368375, -0.16549828, -0.06315787,
       -0.15722267,  0.50292873, -0.98171593,  0.09644931]), array([ 0.14814604, -0.65940859,  0.8808195 ,  0.14341502, -0.98993895,
       -0.71846551, -0.83764704,  0.6266917 , -0.76579642,  1.95836707,
       -0.9742333 ,  0.70228887, -0.1098688 ,  0.1700625 ]), array([-0.98569051, -0.01935106,  0.32422726,  0.41354011, -0.63941904,
        0.22620075,  0.09540186, -0.07750987,  0.19635962, -0.30114452,
       -0.21473889, -0.95543777, -0.30983085, -0.19534396])]","[array([ 0.02228732, -0.79272219,  0.42817301, -0.4404587 ,  0.38814596,
       -0.08267431,  0.27257095,  0.21711207]), array([-0.08319092, -0.03190277, -0.25555677, -0.88128008,  0.56908024,
       -0.48107397, -0.74551441, -0.01552939]), array([ 0.64963989,  0.17094625,  0.69948712,  0.23630202,  0.97443772,
       -0.26654723,  0.79293606, -0.66607403]), array([ 0.84658838,  0.72452482,  0.66383974,  0.95699217,  0.05274218,
       -0.80765681, -0.55418669,  0.19102648]), array([ 0.55791486,  0.16510425, -0.83020218,  0.14668448, -0.69692287,
       -0.36329387, -0.26597543, -0.94778121]), array([ 0.07165125,  0.57732075,  0.59535498,  0.10324322, -0.04233513,
        0.55182391,  0.46502943,  0.30371479]), array([ 0.98871399, -0.09477167, -0.27853462, -0.45220928,  0.19231174,
        0.15753435, -0.17314681, -0.59016897]), array([ 0.71978666,  0.48393775, -0.44756859, -0.48150451, -0.67059689,
       -3.49819704,  0.5527457 ,  0.50361306]), array([-0.80245245, -1.37253617,  0.66755235,  0.76222689,  0.56625516,
        0.24331814, -0.24944832,  0.36654539]), array([-0.75443064, -0.92822507,  0.41979133,  0.8176792 , -0.44090816,
       -1.20317223, -0.43993644,  0.24161634]), array([-0.85583825, -0.45662357,  0.90924945,  0.84015752, -0.49636896,
        0.92489103,  0.82320992,  0.93666862]), array([ 0.95801532,  0.06405437, -0.09046629, -0.54342702, -0.97696932,
        0.05554296, -0.81071838,  0.79204584]), array([-0.12112421, -0.93777532,  0.92620625,  0.30867006, -0.23613894,
       -0.26387453,  0.49127456, -1.1494901 ]), array([-0.08063619, -0.47178027,  0.52796814, -0.25113607, -0.95186014,
       -0.99196049,  1.74394076, -0.74652409])]",-1.563654899597168
2,22,"[array([ 0.33650325,  0.58055536, -0.07169497, -0.05151403,  0.76364414,
       -0.19576377,  0.80650707, -0.24029812,  0.02293675, -0.02454897,
       -0.61739756, -0.05979715, -0.63881237,  0.46588259]), array([-0.82728263, -0.63154031, -0.8492191 ,  0.52570179, -0.25525608,
        0.3961785 , -0.2560705 , -0.48182005,  0.25038466, -0.77702613,
       -0.90764607,  0.17401052, -0.87067382,  0.68814601]), array([ 0.91427731,  1.01688123, -0.26564277, -0.15231464,  0.7523023 ,
        0.89441182, -0.46877578, -0.92455351, -0.91261477, -0.97081125,
       -0.29886202, -0.25632788,  0.71742893,  0.72344643]), array([-0.56841766, -0.05505988, -0.69133963, -0.60170127, -0.12426407,
        0.66110709,  0.86094538,  0.83174063, -0.27517654,  0.17217127,
        1.95588547,  0.05119183, -0.56950557,  0.03516083]), array([-0.89732098, -0.51856659, -0.63477991, -0.42805114,  0.66763085,
        0.2604819 ,  0.05149198, -0.52220948, -0.99412283, -0.91574597,
       -0.65833819, -0.58617771, -0.16700677,  0.59927951]), array([-0.11271071,  0.81244507,  0.16049211, -0.15974009, -0.43090327,
       -0.03172674, -0.40403854,  0.79993423,  0.76210615,  0.28267328,
        0.24143241, -0.68355421,  0.61222814, -0.62923681])]","[array([-0.59584762,  0.01897365, -0.51218965,  0.38761047,  0.79019296,
        0.71517027, -0.46435268, -0.32966851,  0.10106293,  0.72253194,
        0.49198648,  0.74083649, -0.07453677,  0.52683725]), array([-0.12933428,  0.65067682,  0.64364886, -0.25885204,  0.29701015,
        0.66662204,  0.37347602,  0.02465237, -0.90872359,  0.77435834,
       -0.92494472,  0.89045077, -0.87691687,  0.57396156]), array([ 0.12969085,  0.53304738,  0.13752745, -0.14519374,  0.18661063,
        0.58703549, -0.32516355, -0.50427009, -0.30804566,  0.20533705,
       -0.48895526, -0.3139448 ,  0.02639116, -0.58400385]), array([ 0.35758184,  0.71706327,  0.84772074,  0.4077626 ,  0.58748775,
        0.56966969,  0.62289406, -1.03707274, -0.09408715,  0.25318046,
       -0.67015471,  0.72661732,  0.0807064 ,  0.22506615]), array([-0.63314242, -0.21556726, -1.0752245 , -0.75818798,  0.63732208,
        0.18399001, -0.59047806,  0.60494163,  0.70928031, -0.3895561 ,
        0.02202879, -0.41385146, -0.37938411, -0.56988969]), array([-0.27897438, -0.12743802, -0.4816178 ,  2.14994305,  0.18001599,
       -0.38757599,  0.17244027, -0.16459315,  0.05934381, -0.28776762,
       -0.24994289,  0.62845585, -0.1976565 , -0.48005113]), array([-0.65110151, -0.31117632, -0.39078427,  0.78968967,  0.89944508,
        0.63837997, -0.98088001,  0.75053423,  0.43649823,  0.58127181,
        0.19291916, -0.79880423, -0.19774117, -0.80421585]), array([-0.50662615,  0.75777524,  0.65014449, -0.22175752,  0.93381861,
        0.6272426 ,  0.05268897, -0.25566044, -0.46537139,  0.01744913,
        0.78065217, -0.06478294, -0.03816806, -0.78244462])]","[array([-0.80119343, -0.90885004, -0.88177691,  0.32747366, -0.39495552,
       -0.18329353,  0.37148745, -0.66669619]), array([-0.36719173, -0.16371953, -0.22465078,  0.96687004, -0.8484798 ,
       -0.00642306,  0.24749819,  0.04093068]), array([ 0.44743237, -0.09892987, -0.80090372, -0.1360408 ,  0.86440607,
       -0.59293927,  0.19301513, -0.34250645]), array([-0.42558989,  0.09758184,  0.42702456,  0.23303418, -0.31437568,
       -0.06715689,  0.91787355,  0.85232908]), array([-0.02184268,  0.05055861, -1.21411449,  0.19286621,  0.72410853,
        0.11885627, -0.61471531, -0.10694012]), array([-0.16478179, -0.98795477, -0.07512263, -0.71933275, -0.64170871,
       -0.5946511 , -0.05987767, -0.44227505]), array([ 0.77716273, -0.74864439, -0.71273072,  0.89488061,  0.51263106,
        0.38485908,  0.1923628 , -0.2861172 ]), array([-0.04584695, -0.299446  ,  0.21217375, -0.79357455, -0.99909753,
        0.14304529,  0.30193077,  0.50084262]), array([-0.59594129,  0.38465739, -0.4045814 ,  0.58395098,  0.90976474,
       -0.44896353, -0.56168527,  0.97386699]), array([-0.17324364,  0.20616261,  0.73706923, -0.21022249, -0.19620011,
       -0.61733042, -0.27408219, -0.0302935 ]), array([ 0.93816262, -0.9551905 , -0.52123388,  0.56787427, -0.62869613,
       -0.28944845, -0.57123473,  0.25753235]), array([-0.47832533, -0.49080756,  0.54014046,  0.21654412, -0.09181653,
        0.81036684, -0.27416353, -0.98436439]), array([ 0.62865323,  0.46097038,  0.81678804,  0.27473837,  0.80670193,
       -0.489118  ,  0.52117329, -0.37197929]), array([ 0.21182744, -0.52089139, -0.95158918,  0.056128  ,  0.11465449,
       -0.25100666,  0.43929358,  0.0487814 ])]",-1.3920537948608398
2,23,"[array([ 0.55869023, -0.15647363, -0.58701257,  0.22260246,  0.54459109,
       -0.44000398, -0.34407975,  0.52115087,  0.09499639,  0.48518682,
       -0.63002913,  0.81989363,  0.59884449, -0.67676617]), array([ 0.84975175,  0.45520731, -0.86282779,  0.80818302,  0.15472433,
        0.96591813, -0.75510736,  0.40716198, -0.30913269,  0.71462311,
        0.95739695,  0.93547322, -0.61951657, -0.75313751]), array([ 0.82043339,  0.75968645,  0.76563753, -0.27275095, -0.44871143,
        0.13974133, -0.75212253, -0.65945607,  0.86773271,  0.41810452,
       -0.16263436,  0.03315681, -0.8300768 , -0.15683612]), array([ 0.28354541, -0.24674534,  0.86014963,  0.4006785 , -0.20469854,
        1.35313443,  0.49065572, -0.41170366, -0.97906308, -0.35777225,
        0.2211008 ,  0.9497186 ,  0.65782018, -0.98478839]), array([-0.83299539, -0.47552972,  0.9771362 ,  0.92835663,  0.57484187,
        0.47656278, -0.67439598,  0.22622123,  0.22066711, -0.40534169,
        0.77252352,  2.25440516,  0.61124543, -0.09641641]), array([-0.40604831,  0.48772087,  0.70281838,  0.55634676,  0.97818607,
        0.7041987 ,  0.17625083, -0.45796155, -0.64757954, -0.99567479,
        0.68159173, -0.67729241,  0.8351714 ,  0.53503919])]","[array([-0.06210986,  0.31926251,  0.77927921, -0.44704587,  0.36057917,
        0.39556505, -0.50060975, -0.76296263,  0.85305305, -0.2939035 ,
        0.84421362, -0.29458446, -0.89464917, -0.63115156]), array([-0.96929459,  0.89618414, -0.01413131,  0.07198413, -0.58901546,
        0.1841003 ,  0.52324651, -0.117627  ,  0.64059535, -0.36491146,
       -0.38548427, -0.74098623, -0.75828973, -0.96906518]), array([-0.85861545, -0.56539592,  0.0198665 , -0.06387598, -0.37471989,
        0.52743544,  0.47534694, -0.2319273 , -0.35312639,  0.59865637,
        0.13402814, -0.47057732,  0.27245678, -0.25692311]), array([-0.68184365, -0.77101867, -0.950171  , -0.93327516, -0.56233707,
        0.62364124, -0.3164581 ,  0.49722466, -0.42904293, -0.58213   ,
       -0.18610021,  0.12491531,  1.5166156 , -0.88213514]), array([ 0.82118753,  0.87553019,  0.83514082,  1.2529747 , -0.56894618,
        0.08312138,  0.04458444, -0.83038665, -0.89887905, -0.49974401,
        0.21981459,  0.92864633,  0.6157572 ,  0.87318091]), array([ 0.26020659, -0.56038064, -0.00354293,  0.32050489, -0.08830095,
       -1.07925038,  0.40408306,  0.58188849, -0.82218582, -0.56277159,
        0.21262117,  0.50458689, -0.73506589, -0.38552969]), array([ 0.05174885,  0.66491313, -0.28550948, -0.06466848, -0.67063704,
        0.07165936, -0.39731076,  0.31711187,  0.54173847, -0.26507061,
        0.14712744,  0.94848298, -0.27065013, -0.87935529]), array([ 0.09837756,  0.45451248, -0.92200891,  0.11408776,  0.09245649,
        0.47732258, -1.87664286, -0.79479775, -0.07819238,  0.70150566,
        0.35088396,  0.78991226,  0.51803839, -0.72488975])]","[array([ 0.30975607,  0.2681403 , -0.56333342,  0.1491822 , -0.7338966 ,
       -0.01588332,  0.3481422 ,  0.13179836]), array([ 0.48634676,  0.4345594 , -0.10786292,  0.64765312, -0.08736169,
        0.10193755,  0.22627911, -0.8500119 ]), array([-0.1986939 ,  0.37104758, -0.91665857, -0.37812488, -0.50804264,
        0.14249438,  0.29010671,  0.4058389 ]), array([-0.9176777 , -0.53357729, -0.51700245, -1.45944696,  0.11127718,
        0.64737138,  0.01305573, -0.61628932]), array([ 4.82447881e-01,  4.94941639e-02,  4.80365804e-01,  7.02913790e-01,
       -7.82622775e-01, -1.08010902e-01, -3.18162227e-06,  7.90904961e-01]), array([ 0.82860505,  0.24061492,  0.68657374,  0.12958488,  0.52484493,
        0.09865949,  0.40260519, -0.35024492]), array([-0.50962637, -0.14502825, -0.19083206, -0.30600966, -0.26774469,
       -0.34619582,  0.49199382, -0.94874482]), array([ 0.62750241, -0.47823704,  0.10272217,  0.04702928,  0.31759123,
        0.71579248, -0.1807597 ,  0.6640447 ]), array([ 0.34023677,  0.74601597, -0.82515768,  1.3015324 , -0.25245185,
        0.07984177,  0.66314693,  2.26553654]), array([-0.36048859,  0.23681588,  0.5780606 ,  0.85515588,  0.539651  ,
        0.18910889, -0.67493554, -0.64168685]), array([ 0.3322995 ,  0.47956732,  0.21607633, -0.92996436,  0.69057796,
       -0.74352822,  1.00865407, -0.19732879]), array([ 0.30184252, -0.40441197,  0.42241965,  0.02444253,  0.06029218,
        0.80672403, -0.51361345, -0.37856274]), array([ 0.34951437, -0.07836318, -0.58134036, -0.89597132,  0.31834645,
       -0.0892566 ,  0.10825943,  0.64861331]), array([-1.84263931, -0.9930547 ,  0.61062261,  0.4251131 , -0.01442181,
        0.52328356, -0.52306878,  0.75369841])]",2.7127830505371096
2,24,"[array([-0.89123349,  0.48267136, -0.64473307, -0.40839638,  0.73593028,
       -0.25821926, -0.91917748, -0.45847648, -0.10506257,  0.91618337,
        0.48377139, -0.13019711, -0.56835114, -0.61566214]), array([ 0.09048036, -0.49128497, -0.62988403,  0.60357921,  0.65399258,
        2.4649841 , -0.11387384,  0.45702398,  0.16220503, -0.83494931,
        0.06568018,  0.77434133,  0.23072892,  0.37947232]), array([-0.74686414,  0.06298429,  0.32420335,  0.74906876, -0.55530358,
       -0.73505175,  0.67142218, -0.73990613, -0.04197679, -0.21352934,
        0.1402736 , -0.42102783,  0.19070181, -0.61248913]), array([ 0.75623821, -0.65963257, -0.17151945, -0.70932809, -0.91617353,
       -0.52139416,  0.07290862, -0.40898311,  0.54033943, -0.09060931,
       -0.48664675, -0.13125774, -0.64569809,  0.5073495 ]), array([ 0.29705239,  0.69266023, -0.86705322,  0.27244132,  0.54172629,
        0.56227881,  0.05384331, -0.09604755, -0.81059568,  0.80308575,
        0.09952737, -0.40610553, -0.55592025,  0.89373104]), array([-0.91999323,  0.07280921, -0.56003072, -0.63605463, -0.77748576,
        0.23593736, -0.51588871,  0.70326702,  0.16996459, -0.90142896,
       -0.04874274,  0.0754759 , -0.29667559,  0.44064515])]","[array([ 1.00201425, -0.16089739, -0.96664879,  0.32159777, -0.46618426,
       -0.16552902, -0.72941725,  0.8635658 , -0.10660867, -1.53244727,
        0.57416885, -0.94447744, -0.77776933,  0.64920318]), array([-0.16421825,  0.73389711,  0.31322532,  0.29993128, -0.64713461,
       -0.85411223,  0.00491761, -0.26721327, -1.24770615, -0.48393823,
       -0.221976  , -0.15176006,  0.08258407,  1.0366889 ]), array([ 0.69302616,  0.35169845, -0.13029699, -0.59092489,  0.27217251,
       -0.30396068, -2.56986796, -0.27048772,  0.0124682 ,  0.36367937,
       -0.23612086, -0.11680099, -0.7796325 , -0.35281071]), array([-0.32464635,  0.91370422,  0.16977717, -0.38946633, -0.76892956,
       -0.76888394,  0.37232509, -0.35577793, -0.53442921, -0.76235367,
       -0.51334791, -0.63308195, -0.31367282, -0.57231984]), array([-0.95925635,  0.63496257, -0.03313212,  0.35429342,  0.69171763,
        0.79063127, -0.034251  ,  0.79368396,  0.22548554, -0.50092547,
        0.45748052,  0.26466928, -0.47260241,  0.96570287]), array([-0.16946365,  0.67573013,  0.07219646, -1.60902195,  0.43504844,
       -0.04910145,  0.10604392, -0.01001947, -0.31383014,  0.81261331,
       -0.98410021, -0.50723977,  0.18814684,  0.33103805]), array([ 0.89020083, -0.75402726,  0.37388138, -0.2373212 ,  0.62203477,
       -0.75471697,  0.45979149, -0.82744857, -0.44810272,  0.16341027,
       -0.34916636, -0.16796326, -0.67628908,  0.51510721]), array([ 0.08706832,  0.52962292, -0.10615291, -0.55311583,  0.13898295,
       -0.57711852,  0.37773455,  0.46080669,  2.34917872,  0.7784424 ,
       -1.31941268, -0.2271122 , -0.50035634, -0.94762878])]","[array([ 0.06785954, -0.40258633,  0.56701279, -0.77109771,  0.91511448,
       -0.64940299,  0.92214192, -1.58622115]), array([ 0.3140171 , -0.01433645, -0.72161921,  0.25263352,  0.13489052,
        0.04295335, -0.3769493 ,  0.62933893]), array([-0.95310786,  0.68116416,  0.97945737, -0.30892063,  0.06955351,
        0.90777585,  0.39756582, -0.98535397]), array([-0.24360704, -0.33538788, -0.61169053,  1.46232627,  0.04437204,
        0.14472445,  0.79655732, -0.50324926]), array([-0.83132162, -0.91020692, -0.68488129, -0.3152281 ,  0.13009177,
       -0.66471219,  0.98603969,  0.16328088]), array([-0.88683534,  0.43363858, -0.59200008,  0.00949024,  0.14733067,
        0.6614376 , -0.05289086, -0.03209035]), array([ 0.49165662,  0.32274054,  0.10438148,  0.22089945,  0.20426092,
        0.9960513 ,  0.38376   , -0.0394057 ]), array([-0.98102726,  0.68427187, -0.61293798, -0.01191152,  0.04227745,
       -0.66908598,  2.7932566 , -0.22204306]), array([-0.17984236, -0.37346556,  0.33028936, -0.79325509, -0.97999177,
        0.4201667 ,  0.38447831, -0.18514435]), array([ 0.50051515,  0.24083138, -0.46206889, -0.02125001,  0.74032017,
        0.1331465 ,  0.50180051,  0.45752424]), array([-1.32310525,  0.54375857,  0.94722417, -0.67265602,  0.78852391,
       -0.36645559, -0.74090634, -0.05136673]), array([-0.01016438, -0.80695895,  0.72489309,  0.97817708, -0.1227007 ,
        0.48237409,  0.63532144, -0.56053719]), array([-0.60626484, -0.23486198,  0.04994016,  0.79993089, -0.17390174,
        0.41912238, -0.88728784,  0.63621086]), array([ 0.36694788,  0.62509182,  0.888613  , -0.041414  ,  0.20077264,
       -0.52534933,  0.88722055,  0.72826544])]",-0.39887542724609376
2,25,"[array([ 0.38121864, -0.18140111, -0.76424932,  0.52654056, -0.48859846,
        0.07213061, -0.85396147, -0.21792407,  0.99722407, -0.21089345,
       -0.58514291,  0.8708933 ,  0.91013192,  0.9539997 ]), array([-0.28382071, -0.02208633, -0.50003091,  0.90808562,  0.76660352,
        0.62374644,  0.28149823, -0.81935215, -0.34965373, -0.08052306,
       -0.98100837, -0.65942101, -0.20100786,  0.74766836]), array([-0.95594327,  0.9479953 , -0.25857893,  0.49843272,  0.16962525,
       -0.01774454,  0.57507847, -0.09539706,  0.19198576,  0.68896575,
       -0.80620147,  0.64945178, -0.07816847, -0.41572308]), array([ 0.82320183, -1.59275457, -0.7518127 , -0.11780404, -0.05835698,
       -0.90001098,  0.83312039, -0.31576446, -0.46462187, -0.52882411,
       -0.58103631,  0.77903348, -0.08989641,  0.9444222 ]), array([-1.12138504,  0.12692924,  0.4650631 ,  0.25457711,  0.12746063,
       -0.27483559, -1.07752421,  0.73156065, -0.9780533 ,  0.98196639,
        0.20467136, -0.84173554,  0.85802727,  0.17448855]), array([ 0.28890821, -0.7455931 ,  0.68799725, -0.05149037, -0.94644255,
       -0.40811488, -0.77665082, -0.32309398, -0.22784197,  0.38872779,
       -0.04709779,  0.01363032, -0.13580266,  0.36809603])]","[array([-0.68733694,  1.22448122, -0.3213263 ,  0.07410407, -0.72290482,
       -0.28181467,  0.00836547,  0.57657015,  0.75077343,  0.76552736,
       -0.77969263, -0.19162324,  0.52509532,  1.10874857]), array([-0.02859325,  0.45288016, -0.35942456, -0.01229553,  0.10264025,
       -0.37752743,  0.14928916,  0.83857711,  0.23466827,  0.98887104,
       -0.93948241,  0.54664667,  0.28868856, -0.07105803]), array([-0.21914953, -0.80500416,  0.83978785, -0.05208437,  0.86945281,
       -0.07288808,  0.99791508, -0.38509107,  0.16076023,  0.36130744,
       -0.76879975, -0.10179802, -0.19992587,  0.60890843]), array([-0.34524463,  0.96750262,  0.52117917,  0.27187833, -0.86424333,
        0.51617065,  0.63235123,  0.20077866,  0.79868991,  0.57441363,
        0.51997109, -0.85705492,  0.06328506,  0.35509756]), array([ 0.11906711,  0.77095507,  0.87613952, -0.41485322, -0.01506779,
        0.95426041,  0.53929717, -0.58565294, -1.50446619,  0.39224569,
       -0.24271084, -0.98036267,  0.35672004, -0.96542084]), array([ 0.80085111,  0.3709503 , -0.36636236, -0.44980602,  0.51085236,
       -0.81770391, -0.90568981,  0.41700267,  0.73887826,  0.16173365,
        0.89031286, -0.37206435,  0.93961221,  0.63597762]), array([-0.37651075, -0.8378438 ,  0.09939402, -0.24046221,  0.20011477,
        0.61708513,  0.67955135, -0.20121449,  0.3968147 , -0.22074759,
       -0.90862514, -0.16756364,  0.00892355, -0.18683441]), array([-0.05765777,  0.86525476,  0.77236061, -0.25935146, -0.94554409,
        1.72462988, -0.74742138,  0.1642281 ,  0.69210946,  0.69455025,
       -0.04879703, -0.2855276 , -0.56802458, -0.95867641])]","[array([-0.48279766,  0.35211939, -0.24575602, -0.45448854, -0.60775054,
       -0.94563498,  0.09712373, -0.69814159]), array([ 0.05731448,  0.59513775, -0.7934126 , -0.54316718, -0.89588735,
       -0.47251745,  0.10046611,  0.41505735]), array([ 0.89996824, -0.91532712, -0.95820738, -0.1465896 , -0.88987259,
       -0.81371733, -0.05632983,  0.54633359]), array([ 0.26900294, -0.95237991, -0.08882472,  0.35213796, -0.45602304,
        0.68436458, -0.97162008, -0.44364258]), array([-0.16414652,  0.93361558,  0.02376104, -0.53241028,  0.84096473,
        0.24731805,  0.78977727, -0.48192849]), array([ 0.62979468, -0.18226529, -0.77421052, -0.65216526,  0.98839591,
       -0.2435754 , -0.23221674, -0.73813236]), array([ 0.64457483,  0.6468411 , -0.37216158, -0.42851314, -0.89753217,
       -0.76465415, -0.4582681 ,  0.90698273]), array([-0.37305405, -0.32870167,  0.04864234, -0.51975816, -0.22761306,
       -0.38468211,  0.73862286,  1.68977657]), array([-0.94439528,  0.42081884, -0.83485077, -0.92769935,  0.59317444,
        0.53645455, -0.87331372,  0.40340831]), array([ 0.09999515,  0.45580709,  0.11383382,  0.56427867, -0.68375354,
       -0.0097543 , -0.56492228,  0.99269201]), array([-0.70960349,  0.44513473, -0.62680846, -1.05459897, -0.46061109,
       -0.03704369,  0.05469539, -1.33133657]), array([-0.83550221,  0.6413676 , -0.45020932, -0.58314901, -0.44425183,
        0.49183661, -0.16391438, -0.76033883]), array([-0.72349903, -0.38612379, -0.13075238,  0.3417101 ,  0.43596649,
        0.93484438,  0.92390357, -0.57872282]), array([-0.52035363,  0.64691787,  0.20456883,  0.77185282,  0.9769103 ,
       -0.84850434,  0.74649479, -0.99373342])]",-0.33234004974365233
2,26,"[array([-0.83025354, -0.05819295,  0.18151536,  0.86024872, -0.94534904,
        0.146576  , -0.29800954,  0.60194133,  0.27157245,  0.94870872,
        0.14544121,  0.76494491, -0.64438439,  2.23034626]), array([ 0.91956444, -0.43726772,  0.21390126,  0.52225803, -0.2247257 ,
       -0.23443688, -0.47878572,  0.5269356 ,  0.3494328 , -0.30190775,
       -0.17160926, -0.63282903, -0.01923302, -0.05227122]), array([-0.22178037,  0.15549635,  0.12355169, -0.02779873, -0.46892162,
       -0.66460221,  0.81654176, -0.48557827, -0.00123837,  0.05171379,
       -0.21277776,  0.69080785, -0.66989937, -0.08116693]), array([ 0.92054757, -0.76379697, -0.69501355, -0.96147069, -0.65071125,
       -0.79716827,  0.68031562, -0.06829224,  0.18689153, -1.5192216 ,
       -0.86120537,  0.75433388, -0.75856168, -0.50112882]), array([ 0.73594541,  0.96787653, -0.06095538,  0.29311405,  0.4903744 ,
       -0.00930604,  0.26262537, -0.43178554,  0.03967091, -0.61670558,
       -0.28647725,  0.22249099,  0.66630841, -0.69636075]), array([ 0.58211248,  0.08109661,  0.13761869,  0.99040607, -0.20298112,
        0.86568011, -0.17480962, -0.15007449,  0.85562766,  0.67352303,
        3.31948189,  0.97305471,  0.2639651 ,  0.99523145])]","[array([-1.42241516,  0.13400361,  0.26227558, -0.43541515, -1.57497786,
       -0.31809471,  0.52026879, -0.96511405,  0.49943723, -0.22199725,
        0.40785839, -0.29559927,  0.65384111, -0.57619203]), array([-0.4422867 , -0.80185713,  0.53393448, -0.91093405, -0.28103139,
       -0.53510346, -0.67536769,  0.25111745, -0.22024599, -0.66464595,
        0.33277928,  0.51291294,  0.73135586,  0.92790295]), array([-0.55755172, -0.10125731, -0.45488683, -0.53826849,  0.5946167 ,
       -0.55524883,  0.26499666, -0.68920452, -0.75822094,  0.46227158,
       -1.17388815, -0.18645291,  0.55130357,  0.08453495]), array([-0.33418781,  1.0648517 ,  0.67839047,  0.2808995 , -0.16058286,
       -0.27027575, -0.02806174, -0.92553552,  0.65471203, -0.94115972,
       -0.73449476, -0.89040029,  0.15978536, -0.96013743]), array([ 0.42198773,  0.10029261,  0.11592382, -0.10879778, -0.39139635,
       -0.39096232, -0.5232567 , -0.6581674 ,  0.92207856, -0.96056192,
       -0.41934259, -0.75877318,  0.93515579,  0.8676082 ]), array([-0.64374559,  0.88000406, -0.98676123, -0.69346501, -0.35100304,
       -0.09669224,  0.73491764, -0.53579846, -0.99355478,  0.68737202,
        0.59880649,  0.72536133,  0.27412698, -1.42078943]), array([-0.70791199,  0.40879907, -0.96591834,  0.03859625,  0.04990937,
        0.36511226,  0.5884636 , -0.60257422, -0.29210734,  0.88037685,
        0.0338927 , -0.58651857, -0.64224695, -0.86369216]), array([-0.27989338,  0.90155269,  0.83418138, -0.95464766, -0.29220845,
       -0.59594792, -0.49886953, -0.11516276, -0.90380045, -0.58688052,
       -0.77519201,  0.34900372,  0.70868751,  0.62664235])]","[array([-0.06104154, -1.16916933, -0.92671827,  0.86898364, -0.34956989,
       -0.6868264 ,  1.08686552, -0.84816944]), array([ 0.00145191, -0.07607448, -0.94140465,  0.88464913,  0.59759111,
        0.43869356,  0.38676622, -0.44033693]), array([-0.21054036,  0.22573288, -0.75208024,  0.00513176, -0.81390193,
        0.41773256,  0.25426001, -0.39424396]), array([-0.14156258,  0.37289924, -0.25410953, -0.61994089, -0.79806817,
       -0.933556  ,  0.96176075, -0.89004136]), array([ 0.18783235,  0.9317445 ,  0.19440753, -0.63756514,  0.51363005,
       -0.11286346,  0.75165733, -1.49183078]), array([-0.97060121, -0.78586812, -0.80979608, -0.77445004,  0.76736446,
        0.15605382,  0.70953316, -0.94661697]), array([-0.72401657, -1.69303951, -0.53476546,  0.84542966,  0.06177232,
       -0.39301835,  0.36268291, -0.89957126]), array([ 0.40333037, -0.01899284, -0.01767188,  0.81130598, -0.69316084,
       -0.36637898,  0.38160889,  0.99528143]), array([ 0.2132493 , -0.15097895, -0.66804999, -0.60531021,  0.23348291,
        0.76647021, -0.40362441, -0.21475099]), array([-0.265649  , -0.3944591 , -0.80322483,  0.14134457,  1.37352159,
       -0.14716678, -0.19847904, -0.33826398]), array([-0.98316918,  0.3866444 ,  0.62802584, -0.15066107,  0.80942042,
       -0.28132369,  0.42320728,  0.19214685]), array([-0.72634268, -2.3284373 , -0.95586338, -0.09511043, -0.21009615,
       -0.3231976 ,  0.41263888,  0.3951391 ]), array([-0.49839273,  0.76673221, -0.4952517 , -0.49954137, -1.51224783,
       -0.77946731,  0.95719135,  0.96302285]), array([-0.88059111, -0.53644944,  0.08538712,  0.29949719, -0.50288309,
        0.34963123,  0.05209881, -0.23968887])]",2.5039340019226075
2,27,"[array([-0.58700118, -0.93448012, -0.15682488, -0.86615925,  0.86276142,
       -0.95085129, -0.46382811, -0.37813456, -0.05791423,  0.15017793,
       -0.09004685, -0.71465856, -0.79068207, -0.26886809]), array([-0.82801587, -0.70569066,  0.88063034, -0.67775606,  0.3858969 ,
        1.55226826,  0.91735109, -0.0502704 , -0.96672675,  0.03351944,
       -0.93951159, -0.84581863,  1.87589034,  0.13443598]), array([-0.01013539, -2.52962283, -0.89720545,  0.49531097, -0.70160018,
       -0.95505165,  0.00822093, -0.82679848,  0.60659705,  0.21273479,
        0.36619286,  0.3306799 ,  0.61197088, -0.14122149]), array([-0.1421735 ,  0.22777531, -0.93807371, -0.2738742 ,  1.58192808,
        0.76381169,  0.6789942 , -0.27210309,  0.84749023,  0.01296151,
       -0.4611563 ,  0.32525022, -0.41862809, -0.20698776]), array([-0.33985638,  0.86121834, -0.91706432,  0.99021289,  0.100453  ,
       -0.26202053, -0.05713188, -0.19651613, -0.6069477 ,  0.04193608,
        0.60644531, -0.12528372,  0.20224806,  0.8700525 ]), array([-0.36272015, -0.53107549,  0.99089762, -0.57445085, -0.15944736,
       -0.25742176, -0.0585704 , -0.37774672, -0.97099931,  0.20468023,
       -0.93092834, -0.44468135,  0.02170008,  0.76429571])]","[array([-0.74228299, -0.01795166, -1.58109778,  0.06879947, -0.76372916,
        0.4333024 , -0.74121333, -0.86763452,  0.5020681 , -0.5054269 ,
        0.91459296, -0.0501886 , -0.09147638, -0.32648244]), array([ 0.8964495 , -0.20137756,  0.05630911,  0.22644716, -0.56604665,
       -0.15794096,  0.68724367, -0.19167683, -0.55718698,  0.9329025 ,
        0.07223862, -0.98256612, -0.78042091, -0.13097614]), array([-0.69082747,  0.77667468,  0.24734931,  0.11229966, -0.4633921 ,
       -0.30240435,  0.73069269, -0.7314969 , -0.96276384,  0.61741795,
        0.84012547,  0.47529535, -0.1424916 , -0.26323227]), array([-0.36023635, -0.90764644, -0.90554608,  0.39852825, -0.26342979,
       -0.85165345,  0.81696621, -0.64964834, -0.22916137,  0.99962266,
        0.15118236,  0.87540542,  0.85373406,  0.65664499]), array([ 4.35840249e-01, -4.91240352e-01, -1.66129811e-02,  1.12371965e-01,
        8.93289345e-04,  8.63187539e-01,  7.73752154e-01,  3.36851281e-01,
        8.36449433e-01,  1.05375682e+00, -6.96461199e-01, -9.20931875e-01,
       -7.75980127e-01, -1.45862530e-01]), array([-0.90533673,  0.38660803, -0.12723158,  0.73848491, -0.41602565,
        0.33748633,  0.40994922, -0.87489283,  0.84112072,  0.68341431,
       -0.8429416 ,  0.69924557, -0.7434041 ,  0.2007336 ]), array([ 1.69880695,  0.63855845, -0.22480774,  0.07772606, -0.37517573,
       -0.01058326,  0.3625195 , -0.50487047, -0.19145451, -0.69924135,
       -0.95818277,  0.05325335,  0.23986164, -0.97611618]), array([ 0.05670667, -0.62594318, -0.50172119,  0.61280334,  1.70775703,
       -0.09244457,  0.6455814 , -0.41416073, -0.21765647, -0.83925085,
       -0.25917731,  0.06245453, -2.49759658,  0.5434561 ])]","[array([-0.48279766,  0.87307682, -0.24575602, -0.45448854, -0.60775054,
       -0.94563498,  0.09712373, -0.69814159]), array([ 0.05731448,  0.59513775, -0.7934126 , -0.54316718, -0.89588735,
       -0.47251745,  0.65454686, -0.9012378 ]), array([ 0.89996824, -0.91532712, -0.95820738, -0.1465896 , -0.88987259,
       -0.81371733, -0.03542915,  0.54633359]), array([ 0.26900294, -0.95237991, -0.08882472,  0.35213796, -0.45602304,
        0.68436458, -0.97162008, -0.44364258]), array([-0.16414652,  1.01223062,  0.02376104, -0.53241028,  0.84096473,
        0.24731805,  0.78977727, -0.48192849]), array([ 0.62979468, -0.31297703, -0.82122539, -0.65216526,  0.51170234,
       -0.2435754 , -0.23221674, -0.73813236]), array([ 0.64457483,  0.6468411 , -0.37216158, -0.42851314, -0.89753217,
       -0.76465415, -0.4582681 ,  0.09779849]), array([-0.37305405, -0.32870167, -0.20187974, -0.51975816, -0.22761306,
       -0.38468211,  0.73862286,  0.95988408]), array([-0.94439528,  0.42081884, -0.83485077, -0.92769935,  0.59317444,
        0.53645455, -0.87331372,  0.40340831]), array([ 0.09999515, -0.83645791,  0.11383382,  0.56427867, -0.68375354,
       -0.0097543 , -0.56492228,  0.99269201]), array([-0.70960349,  0.44513473, -0.62680846, -0.91536639, -0.46061109,
       -0.03704369,  0.30875752, -0.95171527]), array([-0.83550221,  0.6413676 ,  0.89777873, -0.58314901, -0.44425183,
        0.49183661, -0.19186488, -0.76033883]), array([-0.72349903, -0.38612379, -0.13075238,  0.3417101 ,  0.43596649,
        0.65388732,  0.92390357, -0.6439056 ]), array([-0.52035363,  0.40617394,  0.20456883, -0.01659698,  0.9769103 ,
       -0.84850434,  0.74649479, -0.78600337])]",0.1445988655090332
2,28,"[array([-0.7222481 ,  0.15973608,  0.9990156 ,  1.28255264,  0.76304662,
        0.84313414,  0.15454419, -0.56736251,  0.00863889, -0.81006285,
       -0.37151138, -0.39844778,  0.25914692,  0.11860898]), array([-0.6825843 ,  0.47139864,  0.54765109,  0.86109834,  0.13560556,
        0.41033768,  0.26600417,  0.00846891,  0.10626781,  0.49121442,
        0.78293673,  0.91463268, -0.0166776 ,  0.6917688 ]), array([ 0.11360643, -0.6910504 , -0.56078593,  0.11407055, -0.00293286,
       -0.8161138 ,  0.71156944,  0.61528361, -0.09338642, -0.80508558,
       -0.24148047, -1.56020327, -0.21155723,  0.33460421]), array([-0.66759725, -0.93010939,  0.55286195,  0.37274519, -0.63681868,
       -0.05940515,  0.61415466, -0.33705804,  0.74122061, -0.66825499,
       -0.5416544 , -0.11307218, -0.29905602,  0.91025335]), array([-0.04166557, -0.69650434,  0.32455258,  0.12326373, -0.80648404,
        0.00632955, -0.8759897 ,  0.81969927,  0.1488231 ,  0.77002011,
        0.66553528,  0.74126904, -0.67276275, -0.91729149]), array([ 0.83489477,  0.67731251, -0.3307384 ,  0.06998104,  0.57899908,
       -0.0391934 ,  0.40063024, -0.73143345,  0.5020504 ,  2.16600785,
       -0.13998324,  0.29291611, -0.24421495, -0.3783951 ])]","[array([ 0.36927495,  0.23703719, -0.83980075, -0.98590186,  0.45116859,
       -0.27834057,  0.04052742,  0.11002727,  0.40436468,  0.99656793,
       -0.74789216,  0.90882675, -0.73104717,  0.18219827]), array([ 0.00301279, -0.08031568, -0.6731304 ,  0.78888129, -0.49971304,
        0.48551768, -0.4629701 , -0.22471427,  0.43105701, -0.75736262,
       -0.53593921, -0.77604943, -0.02501176, -0.39695047]), array([ 0.39489446, -0.40161592,  0.9619522 , -0.0348274 , -0.460841  ,
        0.6312131 , -0.73079556, -0.16099998,  0.81437593, -0.1215473 ,
        0.89801364,  0.90711732,  0.57158049,  0.99203059]), array([ 0.83026913,  0.90131772,  0.47255218,  0.99289051,  0.55650084,
        0.24871601,  0.71621666,  0.81451025, -0.18036567, -0.40959407,
       -0.97507852,  0.71607825, -0.4545863 ,  0.00168138]), array([ 0.51068819,  0.31148494, -0.14269646, -0.08340176, -0.62777445,
       -0.72057609,  0.36533561, -0.87299375,  0.17887089,  0.8993355 ,
        0.36384436,  0.19448687,  0.43493597,  0.48932439]), array([-0.50718536, -0.87684255, -0.90284924,  0.1552312 , -0.41802064,
        0.8899534 , -0.83428292,  1.29466677, -0.48118057, -0.36329277,
        0.55369871,  0.04248579,  0.15123981, -0.92851377]), array([-0.43015006,  0.5598877 , -0.01227763,  0.43955627, -0.78231467,
       -0.67261286,  0.76851252, -0.80695452, -0.95054971,  0.72479341,
       -0.56160789, -0.27133317,  0.24284846,  0.54803748]), array([ 0.98760117, -0.93138991, -0.3133754 , -0.57290395, -0.26165579,
        0.25902502,  0.11090853, -0.46614099, -0.10270547, -0.13092905,
        0.62672634, -0.97670268, -0.13193139,  0.55484859])]","[array([ 0.10072581, -0.47200281,  0.56701279, -0.77109771,  0.91511448,
       -0.64940299,  0.5767812 , -0.43514789]), array([ 0.3140171 , -0.59362524, -1.48899561,  0.20471375,  0.13489052,
        0.04295335, -0.3769493 ,  0.62933893]), array([ 0.98882291,  0.68116416,  0.71636345, -0.30892063,  0.06955351,
        0.90777585,  0.37258736, -0.98535397]), array([-0.24360704, -0.16267562, -0.61169053,  0.9293099 ,  0.05694109,
        0.14472445,  0.79655732, -0.50324926]), array([-0.41550926, -0.91020692, -0.68488129, -0.3152281 ,  0.13009177,
       -0.66471219,  0.98603969,  0.16328088]), array([-0.88683534,  0.43363858, -0.71312506, -0.42866971,  0.43712414,
        0.6614376 , -0.05289086, -0.03209035]), array([ 0.49165662,  0.32274054,  0.10438148,  0.22089945,  0.20426092,
        0.9960513 ,  0.38376   , -0.025938  ]), array([-0.98102726,  0.68427187, -0.61293798, -0.00402111,  0.20420393,
       -0.66908598,  1.46956163, -0.22204306]), array([-0.17984236, -0.37346556,  0.33028936, -0.79325509, -0.97999177,
        0.4201667 ,  0.38447831, -0.18514435]), array([ 0.50051515,  0.24083138, -0.46206889, -0.02125001,  0.74032017,
        0.1331465 , -0.37402726, -0.11316448]), array([-0.93775485,  0.54375857,  0.94722417, -0.67265602,  0.07243408,
       -0.36645559, -0.74090634, -0.05136673]), array([-0.01016438, -0.80695895,  0.85835613,  0.97817708, -0.1227007 ,
       -0.0582988 ,  0.63532144, -0.56053719]), array([-0.60626484, -0.23486198,  0.09952128,  0.79993089, -0.25938205,
        0.35193277, -0.88728784,  0.60667918]), array([ 0.20044254,  0.62509182,  0.888613  , -0.041414  ,  0.20077264,
        0.32931048,  0.69175374,  0.72826544])]",0.3071131706237793
2,29,"[array([-0.11246183,  0.20100794, -0.53946315,  1.04467999,  0.27748071,
       -0.18067124, -0.69254768,  0.67858916, -0.03140333,  0.61788568,
        0.82533962, -0.62808665, -0.43562538, -0.96097407]), array([-0.36641626, -0.27061605,  0.19327477, -0.80884246,  0.81544729,
       -0.28176827, -0.86795015, -0.69286301,  0.07623413, -0.10267698,
        0.22065839, -0.12745561,  0.30224233,  0.07991436]), array([ 0.93058366, -0.78361246,  0.09635809,  0.25887804,  0.47100972,
        0.33849196,  0.21893298, -0.27293219,  0.08889367,  0.02797781,
        0.11897855, -0.11684403,  0.48372071,  0.0297889 ]), array([ 0.60322041, -0.99220399,  0.87250199, -0.12605665,  0.69136362,
        0.63623108, -0.88485983, -0.79298215,  0.06409919, -0.8485944 ,
       -0.06551713,  0.56696896, -0.75322289, -0.96514241]), array([ 0.63243679,  0.03543388,  0.19772693, -0.83618495,  0.78754513,
       -0.83126849,  0.72895828, -0.05424428,  0.46098258, -0.15460909,
       -0.00580018,  0.35104435,  0.79189426,  0.89937859]), array([-0.08037005, -1.4377706 , -0.64678277,  0.42118161,  0.30042862,
        0.17295886, -0.4693994 , -0.90694196, -0.82462963, -0.81321152,
        0.91732719,  0.86409374,  0.73003337,  0.94519656])]","[array([-0.5567136 , -0.20796585,  0.29821208, -0.02538539, -0.38067906,
        0.3989871 , -0.30222114, -0.6721764 ,  0.11673556,  0.76796089,
       -0.12305415, -0.32480588, -0.15677531,  0.13065322]), array([-0.51893542,  0.08535763,  0.28634837,  0.9376223 ,  0.92530001,
       -0.18413816, -0.0444082 , -0.79202775,  0.7752738 ,  0.96140247,
       -0.23635847,  0.89401832, -0.52565774, -0.54731064]), array([ 0.57400359, -0.01634909,  0.96142364,  0.50722245,  0.01139005,
        1.29491086,  0.6181166 , -0.05270424,  0.36310999,  0.0598051 ,
       -0.24472708,  0.88392331,  0.08331482, -0.66824859]), array([-0.18172116, -0.87367199, -0.28458577,  0.31969907, -0.00226919,
        1.03002901,  0.30190176,  0.29058421, -0.95744958, -0.35276199,
       -0.37309965, -0.65524773,  0.19998825, -0.32485612]), array([ 0.818593  , -0.44536721, -0.6470964 ,  0.56057508, -0.15257349,
        1.00159587,  0.99653778,  0.51881203,  0.04995035,  0.27152173,
        0.38627416,  0.56755618,  0.30216157,  0.1619808 ]), array([ 0.05122872,  0.23902457, -0.28955909,  0.41348814,  0.68289497,
        0.16364259, -0.00627326,  0.93507848, -0.085466  ,  0.20992198,
       -0.93037482,  0.01632968, -0.52165787,  0.86989438]), array([-0.92169154,  0.37512907, -0.06913727, -0.56341654,  0.19156523,
       -0.060423  ,  0.89698124,  0.02218579,  0.18156308,  0.02980811,
       -0.36815947, -0.49802336, -0.58754833, -0.46891023]), array([ 0.15571593, -0.64805989,  0.58849625,  0.53374478, -0.08615955,
        0.88222103, -0.8476834 ,  0.16753677,  0.10206775,  0.3353697 ,
       -0.31249726, -0.66775416,  0.14890299, -0.34048056])]","[array([-0.69306213,  0.57030225, -0.68273044, -0.3107405 , -0.2154483 ,
        0.01452463, -0.87987559, -0.04135649]), array([ 0.25884129, -0.29675365,  0.60122576,  0.47231487,  0.83300392,
        0.80275179, -0.41293039,  0.82122176]), array([ 0.49821969, -0.10897212,  0.33541624, -0.78309462, -0.8151648 ,
       -2.13597251, -0.77353816, -0.54750338]), array([ 0.20991379, -0.19435201,  0.27827932, -0.002973  ,  0.74535522,
        0.53274725,  1.65047291,  0.80225167]), array([ 0.72670304,  0.51704056, -0.62895905, -0.24075905, -0.14166546,
       -0.01271361, -0.20521228, -0.39988276]), array([-0.52022977, -0.81875863, -0.1886595 ,  0.76568801, -1.07044848,
        0.5651371 ,  0.00213743,  0.94405692]), array([-0.34934791,  0.6153579 ,  0.17412258, -0.2988376 , -1.20724886,
       -0.95096559, -0.166717  , -0.47213711]), array([ 0.288444  , -0.57308631, -0.43295779,  0.29812672,  0.75248395,
       -0.36606399,  0.28120783, -0.48367789]), array([-0.23056652,  0.21973108,  1.73659868, -0.88713936,  0.59794152,
       -0.12495461, -0.71346972, -0.90112712]), array([ 0.39866142,  0.45342048, -0.9812426 , -0.4021043 ,  3.10385853,
        0.59075787,  0.99064367,  0.36698394]), array([ 0.14346294, -0.79051576,  0.1157094 ,  0.87795217, -0.583027  ,
        0.77158139,  0.15964687, -0.17898615]), array([-0.27683648, -0.43291998,  0.97037875, -0.87867332,  0.80373679,
        0.68889243, -0.63693096, -0.46047466]), array([-0.77271676, -0.25256498,  0.55792465,  0.56445082,  0.02286426,
       -0.61490995, -0.87496816, -0.39036211]), array([ 0.64983416, -0.13994916,  0.05831166, -0.04696511,  0.48850314,
        0.74209096,  0.57943117,  0.77574432])]",1.272645854949951
2,30,"[array([ 0.27564007, -0.27784838, -0.62996686, -0.72753174,  0.16980547,
       -0.27855995,  0.30332451, -0.87717393, -0.94463927,  0.59231483,
       -0.37397023,  0.71122326,  0.24576346,  0.90324323]), array([-0.02499481, -0.98215653,  0.19419063, -0.34973183, -0.97746632,
       -0.47084097,  0.81578455, -0.82666009,  0.35410605,  0.44512316,
       -0.95311893, -0.9154669 ,  0.24728312,  0.7663527 ]), array([ 0.04431987,  0.1655728 , -0.37882053, -1.00876726,  0.89252562,
       -0.86384097, -0.49297154,  0.87918987, -0.82492909,  0.15156916,
       -0.69892767,  0.07427778, -0.94683881, -0.79108937]), array([ 0.52861218,  0.81000687,  0.74008759,  0.84165352,  0.99212468,
        0.14285865, -0.04200279,  0.04875386, -0.71627547,  0.97553218,
       -0.20220674,  0.85822345, -0.53464916, -0.09510585]), array([ 0.55346733, -0.76900228, -0.04975787, -0.34296233,  0.45441363,
        0.36581708,  0.27009196,  0.22602938, -0.34071883, -0.95366474,
        0.29047581, -0.62013454,  0.09687434,  0.6227206 ]), array([-0.34926157,  0.54190748,  0.76082347,  0.09810639,  0.47082915,
        0.91529797, -0.12765674, -0.25263048, -0.62215813, -0.48958724,
       -0.75581059, -0.41219884, -1.08736619, -0.25130088])]","[array([ 0.90585382, -0.65769081, -0.29027889, -0.9495381 , -0.45596885,
       -0.35346013,  0.80845784,  0.18765781, -0.16533402, -0.56418714,
        0.05738728,  0.60092552, -0.3930751 , -0.32117887]), array([-0.71200428, -0.87058717, -0.98520883,  0.26671664,  0.47269654,
        0.15656412,  2.88938019, -0.31673893, -0.52045972, -0.89157351,
       -0.16678908, -0.71662546,  0.15038052, -0.94748178]), array([-0.87206762, -0.33750054,  0.66877499, -0.10768151,  0.46332964,
        0.81993515,  0.27573384, -0.03770179,  0.85003818, -0.20011274,
        0.23238915, -0.72354111,  0.48181049,  0.82578181]), array([-0.91778324,  0.89696746, -0.46124659, -0.66329551,  0.45469182,
       -0.86654114,  0.22853276, -0.97027518, -0.86370421,  0.84416338,
       -0.36667913,  1.82809236,  0.53592189,  0.53313631]), array([-0.09087459,  0.37417954,  0.87359531, -0.48395809,  0.4806661 ,
       -0.32396845,  0.00615995, -0.92875293, -0.69004968, -0.58079307,
       -0.84442308, -0.03369881, -0.07328021, -0.20285765]), array([-0.61245457,  0.12319286, -0.27406409, -0.84609871,  0.38293649,
       -0.37619534, -1.16250452,  1.12707087,  0.13350455, -0.56374291,
       -0.46364781, -0.68222055, -0.48971514,  0.55252614]), array([ 0.20323759,  0.37212937, -0.83757097, -0.83967101, -0.95654344,
        0.08114201, -0.85832341, -0.07974243, -0.47716239, -0.99724058,
        0.10424721, -0.22322936, -0.72268388, -0.28934351]), array([ 0.76123061, -0.96377644,  0.44648113, -0.16331896, -0.17629356,
       -0.42978169,  0.52630941,  0.70248722, -0.09320657, -0.27675369,
        0.43271204,  0.0925187 ,  0.22335873, -0.97962434])]","[array([-1.13881724, -0.90885004, -0.88177691,  0.32747366,  0.03783765,
       -0.18329353,  0.37148745, -0.66669619]), array([-0.36719173,  0.33073962, -0.22465078,  0.96687004, -0.8484798 ,
       -0.00642306,  0.32808533,  0.03168915]), array([ 0.44743237, -0.09193585, -0.80090372, -0.1360408 ,  0.86440607,
       -0.59293927,  0.19301513, -0.34250645]), array([-0.42558989,  0.20747071,  0.39690529,  0.23303418, -0.31437568,
       -0.06715689,  0.91787355,  0.85232908]), array([-0.02184268,  0.05055861, -0.99433846,  0.19286621,  0.72410853,
       -0.03463926, -0.61471531, -0.10694012]), array([-0.16478179, -0.98795477, -0.07512263, -0.71933275, -1.08622752,
       -0.5946511 , -0.52765184, -0.44227505]), array([ 0.77716273, -0.74864439, -0.71273072,  0.89488061,  0.51263106,
        0.38485908,  0.22922141, -0.2861172 ]), array([ 0.99148317, -0.299446  ,  0.21217375, -0.79357455, -0.99909753,
        0.14304529,  0.30193077,  0.50084262]), array([-0.24285476,  0.72360175, -0.4045814 ,  0.58395098,  0.58163205,
       -0.44896353, -0.89869425,  0.97386699]), array([-0.17324364, -0.20791226,  0.73706923, -0.21022249, -0.19620011,
       -0.61733042, -0.27408219, -0.72390034]), array([ 0.39059617, -0.9551905 , -0.52123388,  0.44209861, -0.62869613,
       -0.28944845, -0.57123473,  0.25753235]), array([-0.89169523, -0.49080756,  0.54014046,  0.04041328, -0.07573089,
        0.81036684, -0.37393688, -0.98436439]), array([ 0.62865323,  0.46097038,  1.18626396,  0.54491704,  0.80670193,
        1.91708267,  0.52117329, -0.44311858]), array([ 0.21182744, -0.52089139, -0.95158918,  0.056128  ,  0.11465449,
       -0.25100666,  0.43929358,  0.0487814 ])]",2.173331928253174
2,31,"[array([ 0.55869023, -0.16944229, -0.70218685,  0.22260246,  0.54459109,
       -0.44000398, -0.34407975,  0.52115087,  0.09499639,  0.15863811,
       -0.63002913,  0.81989363,  0.59884449, -0.67676617]), array([ 0.84975175,  0.45520731, -0.86282779,  0.1297828 , -0.04328927,
        0.96591813, -0.47954524,  0.40716198, -0.30913269,  0.71462311,
        1.69819975,  0.93547322, -0.09067964, -0.75313751]), array([ 0.82043339,  0.75968645,  0.76563753, -0.12900677, -0.44871143,
        0.13974133, -0.86791382, -0.65945607,  0.86773271, -0.00968452,
       -0.16263436,  0.03315681, -0.66047181, -0.15683612]), array([ 0.28354541,  0.31198016,  0.86014963,  0.4006785 , -0.20469854,
        0.82092792,  0.49065572, -0.41170366, -0.97906308, -0.35777225,
        0.13849413,  0.9497186 ,  0.44792226, -0.98478839]), array([-0.83299539, -0.39773838,  0.59396035,  0.71356736,  0.57484187,
        1.22461168, -0.67439598,  0.22622123,  0.19192637, -0.30327785,
        0.77252352,  0.9878251 ,  0.61124543,  0.10275073]), array([-0.40604831,  0.48772087,  0.70281838,  0.55634676,  0.97818607,
        0.7041987 ,  0.17625083, -0.45796155, -0.64757954, -0.99567479,
        0.64506295, -1.42372521,  0.8351714 ,  0.2297807 ])]","[array([-0.06210986,  0.01897365, -0.51218965,  0.38761047,  0.79019296,
        0.71517027, -0.46435268,  0.23924329,  0.10106293,  0.72253194,
        0.49198648,  0.74083649, -0.07453677,  0.52683725]), array([-0.12933428,  0.65067682,  0.64364886, -0.25885204,  0.29701015,
        0.66662204,  0.37347602,  0.02465237, -1.88363097,  0.77435834,
       -0.67719398, -0.10407053,  0.25042021, -0.33616507]), array([ 0.62386762,  0.07601736, -0.32789458,  0.13066978, -0.38410467,
       -0.5897943 ,  0.92538525, -0.36293614,  0.42393546,  0.81869557,
        0.6705831 ,  0.7148243 , -0.48720825,  0.90803466]), array([ 0.67759426, -0.8937628 ,  0.29008187,  0.01028562,  0.39348509,
       -0.03121465,  0.54862318,  0.13696528,  0.35913225, -0.48857671,
       -0.14413142,  0.35907455, -0.19069448, -0.73014719]), array([ 0.06770606, -0.03782154,  0.88998784, -0.24734047,  0.82871893,
       -0.41562193,  0.24934489, -0.9830972 , -0.89028661, -0.55871569,
        0.15485326,  0.32547625, -0.67618849, -0.79336053]), array([ 0.5829176 , -0.53460766,  0.83053588,  0.89703463,  0.16923603,
        0.05093638,  0.78134183,  0.71297147, -0.3054923 ,  0.62888741,
       -0.60378866,  0.606328  , -0.80347735,  0.39552414]), array([-0.53885602,  0.450879  ,  0.4740455 ,  0.25945271,  0.63814169,
       -0.61901048, -0.85397992,  0.50059604, -0.31525294, -0.17655776,
       -0.5023418 ,  0.22749904,  0.84579033, -0.59410159]), array([ 0.73421483, -0.93258019, -0.18482336, -0.27610896,  0.84977004,
        0.66072205, -0.78842715, -0.66765885, -0.60700004,  0.44287568,
       -0.59993441, -0.58312356, -0.3981109 ,  0.49419554])]","[array([-0.17905391,  0.26082975,  0.37563278,  0.22864829,  0.45931545,
        0.28040823,  0.38962722, -0.99830211]), array([-0.59563569,  1.23697862,  0.54834834, -0.54583865,  0.70553847,
        0.76045492, -0.84618273,  0.29596483]), array([-0.86542074,  0.96047436,  0.7888158 ,  0.62746291,  0.14113566,
       -0.01481035,  0.75735663,  0.82356488]), array([ 0.06069072, -0.80095639,  0.2970694 , -0.44356801, -0.01213711,
        0.89694579, -0.41452008,  0.5770809 ]), array([ 0.02455859, -0.94939625,  0.53307186,  0.77815946, -0.10147112,
        0.27756213, -0.10671497,  0.74992184]), array([ 0.45208319, -0.42769814,  0.1753664 ,  1.18908826,  0.54036153,
        0.94982893, -0.69925329, -0.6490014 ]), array([-0.87852465, -0.46555644, -0.65575441, -0.75053507, -0.42348875,
        0.90633351,  0.33368878, -0.65039793]), array([-0.81510136,  0.84952092,  0.18316619,  0.59028899,  0.34273962,
        0.48438444, -0.11925085,  0.83297205]), array([ 0.71818801, -0.09416571,  0.43718208, -1.37193011, -0.42361005,
       -0.77986384, -0.00352517,  0.84170729]), array([-0.02420891,  0.17621916, -0.8956568 ,  0.60672906,  0.60978362,
       -0.09930309, -0.21129036,  0.0855021 ]), array([ 0.74446201, -0.84153775,  0.80858713, -0.77683322, -0.50710722,
       -0.36547559, -0.5308525 , -0.48139381]), array([-0.8576219 ,  0.00936235, -0.40587552,  0.859969  ,  0.45115174,
       -0.11406901, -0.81483787, -0.81321258]), array([ 0.36433803, -0.77719869, -0.58314434, -0.13316563, -0.96445598,
       -0.42277846, -0.80845001,  0.76396449]), array([-0.42612426, -0.28247309, -0.74169681,  0.72989545, -0.84881114,
       -0.0744432 ,  0.35284306,  0.99694495])]",-1.0400712966918946
2,32,"[array([ 0.04491222,  0.1026522 ,  0.01503332,  0.58832712, -0.2001708 ,
       -1.18815006,  0.55140034, -0.03571884,  0.02758642, -0.84148437,
       -1.5232773 , -0.21312731, -0.13348304, -0.89162778]), array([ 0.57397486, -0.46951232, -0.98263055,  0.22855552,  0.3858969 ,
        0.81406154,  0.91735109,  0.06889464, -0.96672675,  0.03351944,
       -0.93951159, -0.84581863,  0.81898779,  0.96243054]), array([ 0.00495559, -0.96823053, -0.89720545,  0.23557019,  0.50099829,
       -0.95505165,  0.00822093, -0.82679848, -0.99249223,  0.21273479,
        1.14638227,  0.3306799 ,  0.61197088, -0.05600572]), array([-0.1421735 ,  0.22777531, -0.93807371, -0.2738742 ,  0.82158197,
        0.76381169,  0.2872689 , -0.27210309,  0.75313748,  0.03106251,
       -0.4611563 ,  0.32525022, -0.41862809, -0.20698776]), array([-0.93288139,  0.96787653, -0.06095538,  0.18062204,  0.4903744 ,
       -0.0097627 ,  0.26262537, -0.43178554,  0.05222115, -0.61670558,
       -0.28647725,  0.22249099,  0.66630841, -0.69636075]), array([ 0.58211248, -0.67047164,  0.13761869,  0.99040607, -0.20298112,
        0.77381661, -0.17480962, -0.09485897,  1.010268  ,  0.7994611 ,
        0.88756119,  0.97305471,  0.2639651 ,  0.99523145])]","[array([-0.84102564,  0.13400361, -0.18642112, -0.43541515, -0.72083752,
       -0.31809471,  0.09933242, -0.96511405,  0.49943723, -0.22199725,
        0.40785839, -0.18140702,  0.65384111, -0.62019122]), array([-0.4422867 , -0.62979874,  0.53393448, -0.91093405, -1.78122186,
       -0.53510346, -0.67536769,  0.25111745, -0.22024599,  0.8936869 ,
        0.83805383,  0.51291294,  0.73135586,  0.92790295]), array([-0.55755172, -0.10125731, -0.45488683, -0.53826849,  0.5946167 ,
       -0.55524883,  0.26499666, -0.68920452, -0.75822094,  0.2768634 ,
       -0.64901496, -0.21359286,  0.9372692 ,  0.08453495]), array([-0.33418781,  0.77251349,  0.67839047,  0.2808995 , -0.13175107,
        0.03968768, -0.77224714,  0.6867984 ,  0.78972182,  0.17230398,
        0.9361163 , -0.2153948 , -0.39709033, -2.03241698]), array([ 1.89483799e-01,  8.03539347e-01,  9.79840038e-01, -7.22921269e-01,
       -6.50612100e-01, -7.89924785e-01, -5.82317965e-01, -9.00880129e-01,
        7.29954066e-01,  5.69845113e-02,  1.06969849e+00, -8.65421434e-02,
       -9.94966669e-04,  4.46879930e-01]), array([-0.75914313,  0.0361136 ,  0.23982118, -0.75181846,  0.28450395,
       -0.86860654,  0.33544915, -1.16527604, -0.55597061,  0.88236117,
        0.96247765,  0.5671263 , -0.05359226, -0.8025171 ]), array([-0.51910198,  0.11496306,  0.25684357, -1.24648964, -0.11151458,
       -0.71441809, -0.26257725, -0.18306272, -0.36687244,  0.91878407,
       -0.02211756,  0.41505171, -0.44965485,  0.38316398]), array([-0.74771299,  0.63650994, -0.36052319,  0.44304158,  0.93038165,
       -0.02304141, -0.47709347,  1.17310742,  0.98119565,  0.47387275,
        0.92115124, -0.351842  , -0.6094564 , -0.99576886])]","[array([-0.36648654, -0.34594814,  0.55492246,  0.04015948, -0.46318017,
       -0.07097077, -0.65230619, -0.35932544]), array([ 1.01224875, -0.42371301,  0.27718331,  0.53209562, -0.16078036,
       -0.95981072, -0.31832561,  0.27734298]), array([-0.27595727,  0.96217734,  0.99290055, -0.62197942,  0.89831463,
       -0.80115589, -0.22754198,  0.25528335]), array([ 0.99718789, -0.12972726, -0.52398001,  0.36515444,  0.40721757,
       -0.95982751,  0.79693432, -0.25054979]), array([-0.75220671, -0.14204299,  0.48345116,  0.58516202,  0.02395616,
        0.69566676, -0.66013301,  0.70198947]), array([ 0.70676732,  0.23302941, -0.97826494,  0.33020121, -0.41344815,
       -0.34182344, -0.34855525, -0.69422738]), array([-0.32313824,  0.49547751, -0.39322009, -0.21407813, -0.52646242,
       -0.07123297, -0.23958978,  0.91757408]), array([ 0.25349667,  0.42220194,  0.55859601, -0.53425017,  0.5125234 ,
       -0.12091727, -0.51940484, -0.4803005 ]), array([-0.65244329,  0.79817542, -0.97584898,  0.29301212,  0.09647746,
        0.9602439 ,  0.22068087,  0.22789537]), array([ 0.79803976,  0.95009415, -0.83717974,  0.61776126,  0.82061849,
        0.7539856 ,  0.41352791,  0.79265487]), array([ 0.69679121, -0.01320834, -0.63716211, -1.02456315,  0.9169526 ,
       -0.20375116,  0.9247468 ,  0.31108185]), array([-0.50951163,  0.69402501,  0.85646549,  1.08552287, -0.41242155,
        0.78864761, -0.61766054,  0.9258445 ]), array([-0.40082368, -0.53392267,  0.00413389, -0.09294782, -0.109257  ,
        0.66246418, -0.32569244, -0.07659253]), array([ 0.41294359,  0.67597394,  0.1219893 ,  0.35009983,  0.23106042,
        0.91942053, -0.65612221, -0.30265557])]",-0.7293415069580078
2,33,"[array([ 0.33650325,  0.58055536, -0.07169497, -0.05151403,  0.76364414,
       -0.19576377,  0.80650707, -0.40047397,  0.01781803, -0.02454897,
       -0.61739756, -0.47535892, -0.63881237,  0.46588259]), array([-0.82728263, -0.63154031, -0.8492191 ,  0.52570179, -0.25525608,
        0.3961785 , -0.2560705 , -0.48182005,  0.25038466, -0.77702613,
       -0.45519373,  0.17401052, -0.87067382,  0.10042172]), array([ 1.76859816,  1.01688123, -0.26564277, -0.15231464,  0.7523023 ,
        0.89441182, -0.23495435, -1.62020997, -0.53945527, -0.97081125,
       -0.29886202, -0.25632788,  0.71742893,  0.72344643]), array([-1.18632002, -0.05505988, -0.69133963, -0.60170127, -0.12426407,
        0.66110709,  0.86094538,  0.83174063, -0.27517654,  0.17217127,
        1.95588547,  0.05119183, -0.56950557,  0.03516083]), array([-0.89732098, -0.51856659, -0.63477991, -0.31760634,  0.8252759 ,
        0.2604819 ,  0.05149198, -0.52220948, -0.99412283, -1.74976686,
       -0.65833819, -0.58617771, -0.16700677,  0.27537736]), array([-0.11271071,  0.37287372,  0.16049211, -0.15974009, -0.06063852,
       -0.03172674, -0.40403854,  0.79993423,  0.76210615,  0.28267328,
        0.24143241, -0.68355421,  0.61222814, -0.62923681])]","[array([ 0.07816976,  0.31926251,  0.77927921, -0.44704587,  0.36057917,
        0.39556505, -0.50060975, -0.76296263,  0.85305305, -0.2939035 ,
        0.84421362, -0.29458446, -0.89464917, -0.63115156]), array([-0.96929459,  0.89618414, -0.01413131,  0.07198413, -0.58901546,
        0.1841003 ,  0.52324651,  0.40100527,  0.64059535, -0.36755279,
       -0.38548427, -0.74098623, -0.75828973, -0.96906518]), array([-0.85861545, -0.56539592,  0.0198665 , -0.06387598, -0.37608353,
        0.52743544,  0.47534694, -0.2319273 , -0.35312639,  0.59865637,
        0.13402814, -1.81433747,  0.27245678, -0.25692311]), array([-0.68184365, -0.77101867, -0.950171  , -0.93327516, -0.56233707,
        0.62364124, -0.3164581 ,  0.49722466, -0.42904293, -0.58213   ,
       -0.18610021,  0.23775538,  1.5166156 , -0.88213514]), array([ 0.82118753,  0.87553019,  0.83514082,  1.2529747 , -0.56894618,
        0.08312138,  0.04458444, -0.83038665, -0.89887905, -0.49974401,
        0.21981459,  0.92864633,  0.6157572 ,  0.87318091]), array([ 0.23256751, -0.56038064,  0.0158582 ,  0.32050489, -0.08830095,
       -1.07925038,  0.69792427,  0.58188849, -0.82218582, -0.56277159,
        0.21262117,  0.50458689, -0.73506589, -0.38552969]), array([ 0.05174885,  0.66491313, -0.28550948, -0.06466848, -0.67063704,
        0.07165936, -0.39731076,  0.31711187,  0.54173847, -0.26507061,
        0.14712744,  0.94848298, -0.27065013, -0.87935529]), array([ 0.09837756,  0.45451248, -0.92200891,  0.11408776,  0.09245649,
        0.82159807, -1.87664286, -0.79479775, -0.0562953 ,  0.70150566,
        0.35088396,  0.66026078,  0.51803839, -0.72488975])]","[array([-0.36648654, -0.34594814, -0.80580182, -0.09641133, -0.46318017,
       -0.07097077, -0.87366951,  0.17053358]), array([ 1.01224875, -0.42371301,  0.27718331,  0.53209562, -0.16078036,
       -0.95981072, -0.84188027,  0.27734298]), array([-2.75957265e-01,  1.94841648e+00,  9.92900552e-01,  5.38998956e-04,
        8.98314628e-01, -8.01155887e-01, -2.27541983e-01,  2.55283353e-01]), array([ 0.99718789, -0.12972726, -0.52398001,  0.36515444,  0.40721757,
       -0.95982751,  0.79693432, -0.25054979]), array([-0.75220671, -0.14204299,  0.48345116,  0.58516202,  0.05190205,
        0.69566676, -0.66013301,  0.70198947]), array([ 0.70676732,  0.23302941, -0.97826494,  0.33020121, -0.41344815,
       -0.34182344, -0.34855525, -0.69422738]), array([-0.32313824,  0.31893167,  0.5918625 , -0.21407813, -0.52646242,
       -0.07123297, -0.23958978,  0.5959721 ]), array([ 0.11877849,  0.42220194,  0.55859601, -0.53425017,  0.5125234 ,
       -0.12091727, -0.51940484, -0.4803005 ]), array([-0.65244329,  0.79817542, -1.90417935,  0.29301212,  0.09647746,
        0.9602439 ,  0.22068087,  0.22789537]), array([ 0.43112631,  0.95009415, -0.83717974,  0.61776126,  0.82061849,
        0.7539856 ,  0.41352791,  0.79265487]), array([ 0.69679121, -0.01320834, -0.63716211, -0.34621399,  0.9169526 ,
       -0.20375116,  0.9247468 ,  0.31108185]), array([-0.50951163,  0.69402501,  0.85646549,  1.08552287, -0.41242155,
        0.88938064, -0.61766054,  0.9258445 ]), array([-0.40082368, -0.53392267, -0.00716753, -0.09294782, -0.57655117,
        0.66246418, -0.5561502 , -0.07659253]), array([-0.75857737,  0.67597394,  0.1219893 ,  0.35009983,  0.23106042,
        0.91942053, -1.34677299, -0.30265557])]",-0.8642860412597656
2,34,"[array([ 0.38121864, -0.18140111, -0.76424932,  0.52654056, -0.48859846,
        0.07213061, -0.85396147, -0.28655777,  0.99722407, -0.21089345,
       -0.58514291,  0.95482271,  0.91013192,  1.02413393]), array([-0.28382071, -0.02208633, -0.50003091,  0.90808562,  0.76660352,
        0.62374644,  0.28149823, -0.81935215, -0.34965373, -0.08052306,
       -0.98100837, -0.65942101, -0.20100786,  0.63359837]), array([-0.95594327,  0.0306888 ,  0.32420335,  1.12800464, -0.55530358,
        0.56508048, -0.04500843, -0.73990613, -0.26420278,  0.00332956,
        0.78956593, -0.42102783,  0.12084526, -0.61248913]), array([ 0.75623821, -0.65963257, -0.33187434, -0.70932809, -0.96246973,
       -0.52139416,  0.21925525, -0.40898311,  0.54033943, -0.09060931,
       -0.48664675, -0.13125774, -1.36472801,  0.5073495 ]), array([ 0.29705239,  0.69266023, -0.86705322,  0.27244132,  0.54172629,
        0.56227881,  0.05384331, -0.10525575, -0.81059568,  1.78213031,
        0.09952737, -0.40610553, -0.55592025,  1.30209012]), array([-9.19993225e-01,  7.28092125e-02, -3.78360895e-01, -6.36054632e-01,
       -7.77485756e-01,  2.35937364e-01, -5.15888706e-01,  4.84140307e-01,
        1.69964587e-01, -9.01428958e-01, -4.87427354e-02,  1.09170266e-04,
       -2.96675585e-01,  4.40645154e-01])]","[array([ 0.48072509, -0.16089739, -0.96664879,  0.32159777, -0.46618426,
       -0.16552902, -0.72941725,  0.8635658 , -0.10660867, -0.92128545,
        0.8051188 , -0.94447744, -0.77776933,  0.64920318]), array([-0.16421825,  0.73389711,  0.31322532,  0.29993128, -0.64713461,
       -1.45876011,  0.01079175, -0.55384668, -0.97609152, -0.48393823,
       -0.221976  , -0.15176006,  0.08258407,  0.82048147]), array([ 0.69302616, -0.33312594, -0.13029699, -0.91338911,  0.27217251,
       -0.30396068, -0.97866029, -0.27048772,  0.0124682 ,  0.36367937,
       -0.23612086, -0.11680099, -0.63032072, -0.35281071]), array([-0.32464635,  0.91370422,  0.15927044,  0.60476624, -0.6687869 ,
       -0.76888394,  0.37232509,  0.20161019, -1.24183697, -0.76235367,
       -0.51334791, -0.63308195, -0.31367282, -0.57231984]), array([-0.95925635,  0.63496257, -0.01503286,  0.33604386, -0.69249275,
        0.33520289, -0.48884095, -0.29791394,  0.08280752, -0.38044606,
       -0.27781759, -0.6973748 ,  0.26016779, -0.20589594]), array([ 0.75274303,  0.80892784,  0.76562945,  0.00697645, -0.09978873,
       -0.18768377, -0.84684971, -0.25776317,  1.42918868, -0.44722145,
       -0.12070373, -0.02479435,  0.46135464,  0.05614089]), array([ 0.26354409, -0.61120718, -0.00549851,  0.57190921, -0.41799132,
        0.15945524,  1.12837303,  0.41794713,  0.4174247 ,  0.85332369,
       -0.94965327,  0.86073632, -0.90926432,  0.27276709]), array([-0.43602074, -0.04215041,  0.71728186,  0.46243083,  0.1676605 ,
        0.02453857, -0.28935329, -0.49233102, -0.00810626,  0.69331183,
       -0.53141645, -0.45995903,  1.02275034, -0.29417898])]","[array([-0.59531406,  1.19788895,  0.44613067,  0.2796507 ,  0.23193155,
       -0.08679818, -0.60257465,  0.81326652]), array([-0.88417614,  0.41465644, -0.46594326,  0.83757202,  0.4504807 ,
        0.11807797, -0.21491194,  1.65914212]), array([ 0.74927154,  0.10886658, -0.12610483,  0.68119165, -0.16826329,
        0.72983366, -0.75750058,  0.8515676 ]), array([ 0.10527239, -0.17629391,  0.09792145, -0.7991239 ,  0.76036897,
       -0.90580735,  0.61795042, -0.48375531]), array([-0.11219757,  0.07981209,  0.63115962, -0.86039495, -0.48739149,
       -0.72020093,  0.04087394,  0.34856612]), array([ 0.3088422 , -0.93735368,  0.97204682,  0.17621238,  0.68325729,
        0.38904233, -0.34116759, -0.24499651]), array([-0.04961438, -0.01232569, -0.48178986,  0.05528904,  0.01139247,
       -0.59459935, -1.25234383,  0.31504534]), array([-0.21177631,  0.86805499, -0.25804005, -0.85145724, -0.15205678,
       -0.63331107, -0.67660923,  0.44151554]), array([ 0.65436129,  0.40741322,  0.65905871, -0.21634345, -0.39094604,
        0.85797982,  0.81501891, -0.16300954]), array([ 1.57027179, -0.90036569, -0.79676237,  0.64599236,  0.49432056,
        0.16920793, -0.89645944, -0.50160759]), array([-0.01936673, -0.96318923,  0.62204214,  0.82503113, -0.95110511,
       -0.09759336,  0.3280619 , -2.4859022 ]), array([ 0.45093926, -0.24344221, -0.59240685,  0.73863531,  0.22219872,
        0.62926549,  0.95810033,  0.40177582]), array([ 0.5916994 ,  0.12233208,  0.02400849,  0.55778054,  0.38628618,
        0.67968533, -0.0089893 , -0.08281782]), array([ 0.42896761,  0.12288169,  0.92512368, -0.79213117, -0.67356809,
       -0.80634086, -0.0494863 , -0.2230273 ])]",1.7120266914367677
2,35,"[array([ 0.55869023, -0.15647363, -0.58701257,  0.22260246,  0.54459109,
       -0.80824958, -0.34407975,  0.52115087,  0.09499639,  0.48518682,
       -0.63002913,  0.81989363,  0.59884449, -0.67676617]), array([ 0.84975175,  0.45520731, -0.86282779,  0.80818302,  0.15472433,
        0.96591813, -0.47954524,  0.40716198, -0.30913269,  0.71462311,
        0.95739695,  0.93547322, -0.61951657, -0.75313751]), array([ 0.82043339,  0.75968645,  0.99463322, -0.27275095, -0.44871143,
        0.13974133, -0.75212253, -0.65945607,  0.86773271,  0.41810452,
       -0.16263436,  0.03315681, -0.66047181, -0.15683612]), array([ 0.28354541, -0.24674534,  0.86014963,  0.4006785 , -0.20469854,
        0.82092792,  0.49065572,  0.3073142 , -0.97906308, -0.35777225,
        0.13849413,  0.9497186 ,  0.44792226, -0.98478839]), array([-0.83299539, -0.39773838,  0.17962265,  0.71356736,  0.57484187,
        0.47656278, -0.67439598,  0.04141431,  0.19192637, -0.30327785,
        0.77252352,  0.01085941,  0.61124543, -0.09641641]), array([-0.40604831,  0.48772087,  0.70281838,  2.09865357,  0.97818607,
        0.7041987 ,  0.17625083, -0.45796155, -0.64757954, -0.99567479,
        0.64506295, -0.67729241,  0.8351714 ,  0.2297807 ])]","[array([-0.06210986,  0.01897365, -0.98974945,  0.38761047,  0.79019296,
        1.16930337, -0.46435268,  0.23924329,  0.10106293,  0.65801268,
        0.49198648, -0.23616635, -0.07453677,  0.52683725]), array([-0.12933428,  0.65067682,  0.64364886, -0.25885204,  0.29701015,
       -0.01149547,  0.37347602,  0.02465237, -0.90872359,  0.77435834,
       -0.67719398, -0.10407053,  0.25042021, -0.33616507]), array([ 0.62386762,  0.01025044, -0.32789458, -0.08439189,  0.29411006,
        0.81993515,  0.27573384, -0.03770179,  0.85003818, -0.20011274,
        0.23238915, -0.44708548,  0.48181049,  0.82578181]), array([-0.91778324,  0.29091117,  0.40083331, -0.94208815,  0.45469182,
       -0.86654114,  0.22853276, -0.97027518, -0.86370421,  0.84416338,
       -0.36667913,  0.57605185,  0.53592189,  0.7446978 ]), array([-0.09087459,  0.37417954,  0.87359531, -0.48395809,  0.4806661 ,
       -0.32396845,  0.00615995, -0.92875293, -0.69004968, -0.58079307,
       -0.84442308, -0.03369881, -0.07328021, -0.08025052]), array([-0.86858423,  0.12319286, -0.27406409, -0.84609871,  0.38293649,
       -0.37619534, -0.82335112,  0.78739232,  0.43718712, -0.56374291,
       -0.46364781, -1.00367699,  1.41355332,  0.55252614]), array([ 0.20323759,  0.37212937, -0.83757097, -0.83967101, -0.46026488,
        0.08114201, -0.85832341, -0.04302988, -0.44112224, -0.99724058,
       -0.68151338, -0.22322936, -0.72268388, -0.36526303]), array([ 0.76123061, -0.96377644,  0.44648113, -0.16331896, -0.17629356,
       -0.42978169,  0.52630941,  0.70248722, -0.09320657, -0.27675369,
        0.43271204,  0.89707272,  0.22335873, -0.97962434])]","[array([-0.59531406,  1.19788895,  0.44613067,  0.2796507 ,  0.23193155,
       -0.08679818, -0.60257465,  0.81326652]), array([-0.88417614,  0.41465644, -0.46594326, -0.05492642,  0.4504807 ,
        0.11807797, -0.21491194,  0.86018323]), array([ 0.74927154,  0.10886658, -0.12610483,  1.5927357 , -0.20209615,
       -0.85831577, -0.75750058,  0.8515676 ]), array([ 0.10527239, -0.2401604 ,  0.09792145, -0.7991239 ,  0.76036897,
       -0.90580735,  0.61795042, -0.69497727]), array([-0.11219757,  0.07981209,  0.63115962, -0.86039495, -0.48739149,
       -0.16236052,  0.04087394,  0.34856612]), array([ 0.3088422 , -0.93735368,  0.97204682,  0.17621238,  0.68325729,
        0.38904233, -0.34116759, -0.24499651]), array([-0.04961438, -0.00977246, -0.48178986,  0.40146605,  0.01139247,
       -0.59459935,  2.38043157,  0.31504534]), array([-0.21177631,  0.86805499, -0.25804005, -0.85145724, -0.15205678,
       -0.63331107, -0.67660923,  0.44151554]), array([ 0.65436129,  0.40741322,  0.65905871, -0.21634345, -0.39094604,
        0.85797982,  0.81501891, -0.16300954]), array([ 1.57027179, -0.90036569, -0.79676237,  0.64599236,  0.49432056,
        0.19391227, -0.89645944, -0.50160759]), array([-0.01936673, -0.96318923,  0.62204214,  0.82503113, -0.95110511,
       -0.11345598,  0.3280619 , -0.931303  ]), array([ 0.45093926, -0.24344221, -1.15022567,  0.73863531,  0.22219872,
       -0.15004759,  0.95810033,  0.17465178]), array([ 0.5916994 ,  0.12233208,  0.02400849,  0.55778054,  0.38628618,
        0.67968533, -0.0089893 , -0.08281782]), array([ 0.42896761,  1.03850662,  0.92512368, -0.79213117, -0.67356809,
       -0.80634086, -0.0494863 , -0.2230273 ])]",-1.0901176452636718
2,36,"[array([ 0.55869023, -0.15647363, -0.58701257,  0.22260246,  0.54459109,
       -0.44000398, -0.34407975,  1.03255374,  0.09499639,  0.48518682,
       -0.63002913,  0.81989363,  0.59884449, -0.67676617]), array([ 0.84975175,  0.45520731, -0.86282779,  0.80818302,  0.15472433,
        0.96591813, -0.47954524,  0.40716198, -0.30913269,  1.52320286,
        0.95739695,  0.93547322, -0.61951657, -0.75313751]), array([ 0.82043339,  0.75968645,  0.76563753, -0.27275095, -0.44871143,
        0.13974133, -0.75212253, -0.65945607,  0.86773271,  0.41810452,
       -0.16263436,  0.03315681, -0.66047181, -0.15683612]), array([ 0.28354541, -0.24674534,  0.86014963,  0.4006785 , -0.20469854,
        0.82092792,  0.49065572, -0.41170366,  0.26850992, -0.95526388,
        0.53173636,  0.25209619, -0.87120917,  0.40314118]), array([ 0.45290698, -0.09574768,  0.40241987, -0.51168951,  0.29190003,
        0.93506592, -0.02679191,  0.45055816, -0.50691734, -1.20594011,
       -0.44272077, -0.71334768, -0.22542783,  0.15509642]), array([-0.23654867, -0.85184644, -0.36997218, -0.15669152,  0.92101101,
       -0.00626858, -0.77064332, -0.86416137, -0.30560187, -0.05527477,
        0.21214626,  0.83550519, -0.92777301, -0.21906438])]","[array([-0.38606195, -0.37594283,  0.82282259,  0.29569959, -0.02019359,
        0.70249899,  0.56097254, -0.74454299, -0.33338301, -0.57038302,
       -0.600681  , -0.87896244,  0.80785548,  1.28999713]), array([ 1.19196416,  0.31617979,  0.02458105,  0.92524195,  0.45292817,
       -0.02754561, -0.90019047, -0.23033769, -0.9080699 , -0.7308619 ,
       -0.877585  , -0.8745702 ,  0.05519359,  0.76230176]), array([ 0.42751801, -0.57969772, -0.7002633 ,  0.75682807, -0.65512331,
       -0.97765373, -0.95760265,  0.69671906, -0.0742913 ,  0.08489588,
        0.03342772,  0.1523799 ,  0.5705285 , -1.04292714]), array([ 0.02172616, -0.70098899,  0.17447089, -0.85389511,  0.36496136,
        0.1961026 , -0.93581839, -0.71092568,  0.11926655,  0.26037872,
        0.9804781 ,  0.59769861,  0.28635104,  1.20529071]), array([-0.41616399, -0.20755903, -0.92281661,  0.50535423, -0.76004665,
       -0.6148245 , -0.16651203,  0.638125  ,  0.93968995,  0.62318343,
        0.85004907,  0.27445299,  0.97887167,  0.03141698]), array([ 0.42562521,  0.49729995,  0.46351755,  1.06994173,  0.10377776,
       -0.47352735,  0.01965046, -0.95227133,  0.20206498,  0.51482629,
        1.10699893, -0.52799509, -0.09969784, -0.83263458]), array([-0.81019828,  0.74915336, -0.85783254,  0.92866551,  0.25443852,
       -0.80828441,  0.16355462, -0.90730424, -0.15575764, -0.31737173,
       -0.57791632,  0.6106914 ,  0.1299031 , -0.56060926]), array([-0.06355669,  0.37808615,  0.79490191,  0.57338873,  0.06581522,
       -0.55762076,  0.21869305,  0.70757328,  0.0836941 , -0.88888605,
       -0.65160395,  0.21495586,  0.21539641,  0.46919477])]","[array([-0.13255249,  0.02700376,  0.10759521,  0.84812796, -0.1985512 ,
        0.43494634,  0.90595095, -0.92021886]), array([ 0.37605483, -0.5004226 , -0.10112602, -0.94849313, -0.63034222,
        0.91111408, -0.65152552,  1.54853141]), array([-0.42494487,  0.03470829, -0.60532144, -0.86630956,  0.02369181,
        0.32339054, -0.20391728, -0.59730903]), array([-0.16187666, -0.21048677, -0.58527218, -0.51360118, -0.23991996,
       -0.18027739, -0.12691482,  0.31095922]), array([-0.13972783, -0.62702645, -0.59628297, -0.405575  , -0.61845119,
        0.96143515,  0.75058783,  0.0766217 ]), array([-0.67599528,  0.84341338, -0.78965996,  0.470424  , -0.09801864,
        0.91511165,  0.49543541,  0.78112083]), array([-0.36616243, -0.59030429, -0.40322466, -0.82414665,  0.10903628,
        0.47817121, -0.21196992, -0.70447488]), array([ 0.71822217,  0.5297179 ,  0.38253598, -0.114177  , -0.41977045,
       -0.12363714, -0.18340235, -0.39244013]), array([-0.72108045,  0.85454889, -0.1976192 , -0.20182519, -0.31558113,
        0.56543963,  0.4275105 , -0.46404346]), array([ 0.10233801,  0.82560952,  0.88481292,  0.39092482,  0.5016491 ,
        0.89037779, -0.26052041, -0.2556482 ]), array([ 0.04415228, -0.86295186,  0.87341206,  0.23013036,  0.79801269,
        0.28483948, -0.6066749 ,  0.6325305 ]), array([-0.18103125,  0.59824372, -0.13926823, -0.9259172 ,  0.80527733,
        0.75460677,  0.61547243, -0.7176786 ]), array([ 0.14602655,  0.14097159,  0.86089983,  0.71038033,  0.45223745,
        0.02020884,  0.99022897, -0.27535592]), array([ 0.50227411, -0.6679824 , -0.35971422,  0.04758964,  0.78754256,
       -0.20738184, -0.24027578, -1.0306849 ])]",-0.2652300834655762
2,37,"[array([-0.77200705,  0.48267136, -0.64473307, -0.40839638,  0.79723681,
       -0.25821926, -0.96735622, -0.45847648, -0.10506257,  0.91618337,
        0.48377139, -0.55660381, -0.01642269, -0.61566214]), array([ 0.09048036, -0.60262897, -0.62988403,  0.60357921,  0.65399258,
        0.89719452, -0.11387384,  0.60089626,  0.11107482, -0.83494931,
        0.06568018,  0.90465063, -0.088063  , -0.96098824]), array([ 0.6055804 ,  0.51392755, -0.12593456, -0.51141427,  0.57201281,
        0.10555229,  0.4377626 ,  0.44006229,  0.04691325, -0.68434879,
       -0.96018197, -0.36176314, -0.24408417, -0.28850298]), array([-0.79188641,  1.18362018,  0.87755282, -0.41394636,  0.0511082 ,
        0.933104  ,  0.23752808, -0.87540886, -0.97906308, -0.35777225,
        0.13849413,  0.9497186 ,  0.44792226, -0.98478839]), array([-0.83299539, -0.39773838,  0.59396035,  0.69319274,  0.57484187,
        0.47656278, -0.67439598,  0.22622123,  0.19192637, -0.30327785,
        0.77252352,  0.9878251 ,  0.61124543, -0.09641641]), array([-0.40604831,  0.48772087,  0.70281838,  0.55634676,  0.97818607,
        0.7041987 ,  0.17625083, -0.45796155, -0.64757954, -0.99567479,
       -0.49039063, -0.67729241,  0.8351714 ,  0.2297807 ])]","[array([-0.06210986,  0.01897365, -0.70877161,  0.09541366,  0.79019296,
        0.71517027, -0.46435268,  0.23924329,  0.02951661,  0.72253194,
        0.49198648,  0.74083649, -0.07453677,  0.52683725]), array([-0.12933428,  0.65067682,  0.36057294, -0.25885204,  0.29701015,
        0.66662204,  0.22368069,  0.02465237, -0.90872359,  0.77435834,
       -0.67719398, -0.10407053,  0.25042021, -0.33616507]), array([ 0.62386762,  0.13085797, -0.32789458,  0.27082622,  0.46332964,
        1.33508725,  0.27573384, -0.03770179,  0.85003818, -0.20011274,
        0.23238915, -0.72354111,  0.48181049,  0.82578181]), array([-0.91778324,  0.89696746,  0.40083331, -0.94208815,  0.45469182,
       -0.86654114,  0.22853276, -0.88238252, -0.86370421, -0.25279607,
       -0.36667913,  0.57605185,  0.53592189,  0.59114402]), array([-0.09087459, -0.20630423, -0.7760803 , -0.63407601, -0.7905133 ,
       -1.29898845, -0.10386607, -0.86168573, -0.02892415, -0.61561737,
       -0.3965524 ,  0.82744477, -0.275337  , -0.62886158]), array([-0.88243868,  0.47484211, -0.14502088, -0.36052728, -0.06071334,
        0.51055991,  0.45882399,  0.5360053 ,  1.57326242, -0.27410468,
        0.63044807,  0.62201167, -0.31111864, -0.37197011]), array([-0.46016404, -0.17466518,  0.02699636,  0.42982514,  0.93437418,
       -0.23454414, -0.92541496, -0.96676991,  0.80913444, -0.31377098,
        0.01011463,  0.71592201,  1.28414131,  0.03442982]), array([ 0.97139531,  0.94678818,  0.31662185,  0.26951784,  0.99548667,
        0.61707676,  0.46565118,  0.01934977,  0.75908449, -0.47784638,
       -0.11579113,  0.35818194, -0.845359  , -0.86401406])]","[array([-0.03779446, -0.51248618, -0.44116186, -0.61464947,  0.74326305,
        0.01390874,  0.6654786 , -0.77822882]), array([ 0.23422848, -0.92774235, -0.25806791, -0.07557191,  0.54045127,
       -0.50547471,  0.51345016,  0.78640986]), array([ 0.63608942,  0.62936246, -0.04263817,  0.42729272, -0.58056771,
       -0.07917226,  0.03400809,  0.68322299]), array([ 0.75037809,  0.16668438,  0.03815766, -0.30435261, -0.50392585,
        0.25108883, -0.34085741,  0.26990949]), array([-0.76629599, -0.92666594, -0.97113891, -0.17612211, -0.81357327,
        0.19052894,  0.23796131,  0.85313334]), array([-0.67188262, -0.86506494,  0.57964014, -0.00194569, -0.84518694,
       -0.35404403, -0.359718  ,  0.70083696]), array([ 0.9676479 , -0.30106361, -0.65373415,  0.782543  , -1.68130992,
       -0.45950927, -0.15310396, -0.78954148]), array([ 0.17365726,  0.67538411, -0.97622397,  0.20067946,  0.08171368,
        0.86383144,  0.46656482,  0.83379838]), array([ 0.85257495,  0.74135505,  0.95681166, -0.32758223,  0.81812159,
       -0.95897868,  0.17993809, -0.65534123]), array([-0.51366836,  0.58879582,  0.16442244, -0.00117343, -0.18271502,
        0.24423176,  0.63785841, -0.46057038]), array([-0.62486231, -0.46140129, -0.97044746,  0.73592974, -0.19542504,
        0.16019198, -0.84356197, -0.54745163]), array([-0.60043258,  0.75550107,  0.59928532,  0.20387597,  0.32128143,
        0.51027569, -0.07349054, -0.20318692]), array([-0.75332591, -0.31858094,  0.85898824,  0.16938033, -0.8355908 ,
        0.18541752,  0.3570088 ,  0.951766  ]), array([ 0.3115553 ,  0.35558536,  0.05531331,  0.78860653, -0.34291054,
        0.71401259, -0.97032698, -0.81350967])]",2.4716211318969727
2,38,"[array([-0.5309232 ,  0.20100794, -0.53946315,  1.04467999,  0.27748071,
       -0.18067124, -0.69254768,  0.67858916, -0.03140333,  0.61788568,
        0.82533962, -0.62808665, -0.43562538, -1.47068474]), array([-0.36641626, -0.27061605,  0.19327477, -0.80884246,  0.81544729,
       -0.09615479, -1.27261947, -0.69286301,  0.07623413, -0.10267698,
        0.22065839, -0.25854035,  0.30224233,  0.07991436]), array([ 0.93058366, -0.78361246,  0.09635809,  0.92880765,  1.07485077,
        0.33849196,  0.21893298, -0.27293219,  0.08889367,  0.02797781,
        0.11897855, -0.61439779, -0.24341268,  0.33460421]), array([-0.66759725, -0.46171156,  0.55286195,  0.37274519, -0.21413111,
       -0.05940515,  0.61415466, -0.33705804,  0.74122061, -0.66825499,
       -0.5416544 , -0.11307218, -0.29905602,  0.91025335]), array([-0.04166557, -0.69650434,  0.57918246,  0.12326373, -0.80648404,
        0.00632955, -0.8759897 ,  0.81969927,  0.1488231 ,  0.77002011,
        0.66553528,  0.74126904, -0.67276275, -0.91729149]), array([ 0.83489477,  0.67731251, -0.3307384 ,  0.06998104,  0.57899908,
       -0.0391934 ,  0.93232646, -0.73143345,  0.5020504 , -0.14091722,
       -0.13998324,  0.29291611, -0.24421495, -0.66436584])]","[array([ 0.29826855,  0.23703719, -0.83980075, -0.75510502,  1.25635937,
       -0.27834057,  0.04052742,  0.11002727,  0.40436468,  0.99656793,
       -0.74789216,  0.90882675, -0.73104717,  0.18219827]), array([ 0.00301279, -0.08031568, -0.6731304 ,  0.78888129, -0.49971304,
        0.48551768, -0.4629701 , -0.22471427,  0.43105701, -0.75736262,
       -0.53593921, -0.77604943, -0.02501176, -0.39695047]), array([ 0.39489446, -0.40161592,  0.9619522 , -0.03174319, -0.460841  ,
        0.6312131 , -0.73079556, -0.66133533,  0.81437593, -0.1215473 ,
        0.89801364,  0.90711732,  0.57158049,  0.99203059]), array([ 0.83026913,  0.90131772,  0.47255218,  0.99289051,  0.55650084,
        0.24871601,  0.71621666,  0.81451025, -0.18036567, -0.40959407,
       -0.97507852,  0.71607825, -0.3609357 ,  0.00168138]), array([ 0.51068819,  0.31148494, -0.14269646, -0.08340176, -0.62777445,
       -0.72057609,  0.36533561, -0.87299375,  0.17887089,  0.8993355 ,
        0.70653563,  0.19448687,  0.22431529,  0.48932439]), array([-0.50718536, -0.87684255, -0.90284924,  0.1552312 , -0.41802064,
        0.8899534 , -0.83428292,  1.29466677, -0.48118057, -0.5204139 ,
        0.55369871,  0.04248579,  0.15123981, -0.92851377]), array([-0.43015006,  0.64026493,  0.13627572,  0.19717811, -0.78231467,
       -0.67261286, -0.21406941, -0.76523338, -0.57471933, -0.45613155,
       -0.08599716,  0.43318585, -0.16614296,  0.98731849]), array([-0.0482284 , -0.75638499, -0.432123  ,  0.91193457, -0.129201  ,
       -0.63653792, -0.16602795,  0.66992287,  0.12801639, -0.7573616 ,
       -0.06446467, -0.93694993,  0.00708737, -0.81905134])]","[array([-0.95102614,  0.53395662,  0.41946442,  0.36249735,  0.57868277,
       -0.15432486, -0.15336368,  0.36579069]), array([-0.11615989,  0.92881339,  0.99303597, -2.01248655,  0.58725502,
        0.1985256 ,  0.65254577, -0.19673784]), array([-0.33008259, -0.14444222, -0.52839546, -0.87865794,  0.90110988,
        0.25951815, -0.75612268, -0.98914089]), array([ 0.06851306, -0.99894352,  0.60810535,  0.64725258, -0.91234396,
        0.11772197, -0.43555771, -0.13523089]), array([-2.29884443e-02,  1.96833812e+00, -7.04521970e-01, -1.70121880e-01,
       -1.18348487e-03, -6.24596551e-02,  1.17495157e+00, -2.97712685e-01]), array([-0.85760664, -0.22494812, -0.85474339,  0.19584934,  0.11467955,
        0.11481434,  0.85156425,  0.55040388]), array([ 0.82875395, -0.29202967, -0.94479955, -0.22561028,  0.91418092,
       -0.20127251,  0.87743079,  0.93945844]), array([ 0.90425537, -0.48701842, -0.84426815, -0.59969533, -0.12713075,
       -0.60512643,  0.95075603,  0.54554836]), array([-0.23398203, -1.32057538,  0.97125857, -0.16993365,  0.65029467,
       -0.48726771, -0.17344382, -0.64823843]), array([-0.81467947, -0.97465248, -0.66552046, -0.25369532, -0.64235628,
       -0.98680463,  0.36947591,  0.11507607]), array([ 0.15314637, -0.2366871 ,  0.36574995, -0.21343379, -1.07427261,
        0.35077869, -0.10172416, -0.90791217]), array([-0.91186183, -0.783301  , -0.10519139, -0.32453462,  0.42871049,
       -0.86076606, -0.12365832, -0.54730137]), array([ 0.74385912, -0.02223203, -0.04631039,  0.8605792 , -0.11760477,
        0.71807852, -0.41714602, -0.04118315]), array([ 0.78054755, -0.02099356, -0.85275164, -0.01241601, -0.93733367,
       -0.84218892,  0.81295588, -0.20980484])]",-0.6827920913696289
2,39,"[array([-0.13245707, -0.67685864,  0.11698732, -0.22194266,  0.95935521,
       -0.30581723, -0.39648563,  0.28416674, -0.33464827,  0.74280192,
       -0.0033153 ,  0.25517031, -0.62371168,  0.21182782]), array([ 0.43964575,  0.64225364, -0.72119943,  0.87996545, -0.97120681,
        0.59231902,  0.60580029,  0.77718679, -0.31606947,  0.30946921,
       -0.81157617, -0.6751144 ,  0.98603067, -0.75194805]), array([ 0.77320412, -0.3341247 , -0.79381611,  0.85945111, -0.31547084,
        0.09314656, -0.16867022, -0.01973845,  0.81961379, -0.93740245,
       -0.487435  ,  0.1458698 ,  0.36208287,  0.47194668]), array([-0.79551567,  0.36494548, -0.66329252, -0.35042963, -0.83333308,
        0.85087212,  0.73564377,  0.49120338,  0.5757625 , -0.06639598,
       -0.5980287 ,  0.04617998, -0.33964873,  0.15988511]), array([-0.49155211, -0.48522339,  0.09195886, -0.03423078, -0.126811  ,
       -0.5946089 ,  0.37931311, -0.22016153, -0.26958938, -0.92306969,
       -0.66740526,  0.35949357, -0.66865918,  1.16809788]), array([ 0.65693012, -0.99078905, -0.30252587,  0.42857111,  0.11438241,
        0.85719606,  0.41388447,  0.13930729, -0.15714627,  0.47405484,
       -0.12155612,  0.64854065,  1.0367047 ,  0.09646014])]","[array([-0.41857207, -0.93400855, -0.90728223,  0.15275872,  0.7388071 ,
        0.75241289,  0.86588493,  0.04057696,  0.90012133,  0.01039306,
        0.8882853 ,  0.41379736, -0.71995223,  0.30316793]), array([-0.99761289,  0.31679729, -0.64878739,  0.2180465 ,  0.8335573 ,
        0.06780544,  0.78996427, -0.78577083, -0.02348355,  0.1486263 ,
       -0.92179721,  0.21507346,  0.90421382, -0.03134987]), array([ 0.40138132, -0.54511578,  0.69794135,  1.21290719,  0.33201866,
       -0.51898063, -0.72367542,  0.48719761, -0.15256833,  0.28201452,
        0.79564543,  0.90383621,  0.11276001, -0.58688784]), array([ 0.79375347, -0.57110387,  0.91519408, -0.33430836, -0.6832367 ,
        0.97868727, -0.54102724,  1.41593931,  0.34357536,  0.66465191,
       -0.89251265,  1.59328233,  0.525659  , -0.97272924]), array([-0.92152335, -0.51613134,  0.61215094,  0.96229812,  0.44967374,
        0.42174351,  0.97166581, -0.90353855,  0.13515321, -0.96751437,
        0.15394446,  0.70368841,  0.64093278,  0.74996562]), array([-0.4938374 ,  0.1889335 ,  0.89609454, -0.48626449,  0.02972435,
       -0.09292936, -0.55047574,  0.03059284, -0.24304673,  0.58423822,
       -0.63852388,  0.68297733, -0.18452478, -0.55296293]), array([-0.25540232, -0.17340339,  0.16053661,  0.18865119, -0.8483309 ,
       -0.61393044,  0.76851252, -0.59674661, -0.95054971, -0.64778714,
       -0.56160789, -0.27133317,  0.24284846,  0.54803748]), array([ 0.98760117, -0.93138991, -0.3133754 , -0.57290395, -0.26165579,
        0.25902502,  0.11090853, -0.46614099, -0.10270547, -0.13092905,
        0.62672634, -0.97670268, -0.13193139,  0.55484859])]","[array([ 0.10072581, -0.40258633,  0.56701279, -0.77109771,  0.91511448,
       -0.64940299,  0.5767812 , -0.43514789]), array([ 0.3140171 , -0.59362524, -1.48899561,  0.20471375,  0.13489052,
        0.04295335, -0.3769493 ,  0.62933893]), array([ 0.98882291,  0.68116416,  0.92714735, -0.30892063,  0.06955351,
        0.90777585,  0.37258736, -0.98535397]), array([-0.24360704, -0.16267562, -0.61169053,  0.9293099 ,  0.04437204,
        0.14472445,  0.79655732, -0.50324926]), array([-0.41550926, -0.91020692, -0.68488129, -0.3152281 ,  0.13009177,
       -0.66471219,  0.98603969,  0.16328088]), array([-0.88683534,  0.43363858, -0.71312506, -0.42866971,  0.43712414,
        0.6614376 , -0.05289086, -0.03209035]), array([ 0.49165662,  0.32274054,  0.10438148,  0.22089945,  0.20426092,
        0.9960513 ,  0.38376   , -0.02154253]), array([-0.98102726,  0.68427187, -0.61293798, -0.01191152,  0.40051881,
       -0.66908598,  0.91028825, -0.22204306]), array([-0.17984236, -0.37346556,  0.33028936, -0.79325509, -0.97999177,
        0.4201667 ,  0.38447831, -0.18514435]), array([ 0.50051515,  0.24083138, -0.46206889, -0.02125001,  0.74032017,
        0.1331465 , -0.37402726,  0.45752424]), array([-0.93775485,  0.54375857,  0.94722417, -0.67265602,  0.07243408,
       -0.36645559, -0.74090634, -0.05136673]), array([-0.01016438, -0.80695895,  0.85835613,  0.97817708, -0.1227007 ,
       -0.0582988 ,  0.63532144, -0.56053719]), array([-0.60626484, -0.23486198,  0.04994016,  0.79993089, -0.25938205,
        0.35193277, -0.88728784,  0.63621086]), array([ 0.20044254,  0.62509182,  0.78520434, -0.041414  ,  0.35292835,
        0.18799764,  0.69175374,  0.72826544])]",0.1659317970275879
2,40,"[array([ 0.27564007, -0.27784838, -0.62996686, -0.72753174,  0.16980547,
       -0.27855995,  0.30332451, -0.87717393, -0.94463927,  0.59231483,
       -0.37397023,  0.71122326,  0.24576346,  0.90324323]), array([-0.02499481, -0.98215653,  0.09408842, -0.34973183, -0.97746632,
       -0.47084097,  0.81578455, -0.82666009,  0.35410605,  0.44512316,
       -0.95311893, -0.9154669 ,  0.24728312,  0.7663527 ]), array([ 0.04431987,  0.1655728 , -0.37882053, -1.00876726,  0.89252562,
       -0.39926861, -0.49297154,  0.87918987, -0.82492909,  0.15156916,
       -0.69892767,  0.07427778,  1.3987182 , -0.79108937]), array([ 0.52861218,  0.81000687,  0.74008759,  0.84165352,  0.99212468,
        0.14285865, -0.04200279,  0.04875386, -1.53107479,  1.28433707,
        0.43488399,  0.85822345, -0.53464916, -0.09510585]), array([ 0.55346733, -0.76900228, -0.04975787, -0.34296233,  0.45441363,
        0.36581708,  0.27009196,  0.22602938, -0.34071883, -0.95366474,
        0.29047581, -0.62013454,  0.02314379,  0.6227206 ]), array([-0.34926157,  0.54190748, -0.71241736,  0.09810639,  0.47082915,
        0.91529797, -0.12765674, -0.16565087, -0.62215813, -0.48958724,
       -0.75581059, -0.41219884, -1.08736619, -0.25130088])]","[array([ 0.90585382, -0.65769081, -0.29027889, -0.9495381 , -0.45596885,
       -0.35346013,  0.80845784,  0.18765781, -0.16533402, -0.56418714,
        0.05738728,  0.60092552, -0.3930751 , -0.32117887]), array([-0.71200428, -0.87058717, -0.98520883,  0.20708117,  0.47269654,
        0.15656412,  0.95850335, -0.31673893, -0.52045972, -0.89157351,
       -0.16678908, -0.71662546,  0.48582571,  0.96169169]), array([ 0.33095325,  0.48075115, -0.37846916, -0.46924776, -0.55916227,
       -0.05491493,  0.207031  ,  0.84719818, -0.18674137,  0.35421342,
        0.17531562,  0.8247932 , -0.10632303,  0.28280304]), array([ 0.56401892,  0.18496608,  0.83471573, -0.70768116,  0.27562914,
       -0.41143939, -0.19371831, -0.33903697, -0.13813587, -0.33140747,
        0.29366745,  1.02984907, -0.9884993 ,  0.91543004]), array([-0.76053114, -0.96975687, -0.66491972,  0.23391445, -2.48473777,
       -0.30286518, -0.69795322, -0.7991894 ,  0.74268176,  0.06204604,
       -2.78462179, -0.99716915,  0.1596831 , -0.73020668]), array([ 0.05466883,  0.206101  ,  0.9180418 , -0.74748798,  0.57595608,
       -0.90437899,  0.54670254,  0.8100053 , -0.044567  , -0.62508289,
        0.46914466, -0.14755168,  0.69227941, -0.46299469]), array([ 0.16387573, -0.44285596,  0.49158726,  0.02597119, -0.73158604,
        0.76299227,  0.67712124, -0.06984005, -0.47736521,  0.65820016,
       -0.45214774,  0.17629928, -0.05519365,  0.23663836]), array([-0.21736853,  0.87175055, -0.80550001,  0.589702  ,  0.78250879,
       -0.55085304, -0.90657135, -0.75300272, -0.47580931, -0.68801397,
       -0.84896898, -0.80156173,  0.54771703,  0.95089103])]","[array([ 0.95904435, -0.16280426, -0.50682984, -0.66646408,  0.45458348,
       -0.94562888,  0.82261438,  0.50983346]), array([ 1.08860661, -0.46724362,  0.32573992,  0.86864016, -0.43692668,
        0.38565817,  0.04805362,  0.92178244]), array([-0.21880136, -0.1312407 , -0.92093704,  0.8337555 , -0.72030061,
        0.69846178, -0.25586468, -0.33615286]), array([-0.12038587, -0.9120812 , -1.23564314,  0.52392805,  0.62510878,
        0.72285545, -0.408131  , -0.19122173]), array([ 0.49096376, -0.34751422,  0.7194426 , -0.96314762,  0.02935494,
        0.79329926, -0.63231429, -0.20802826]), array([-0.12835296,  0.1078264 , -0.57630768,  0.24703856,  0.76475221,
       -0.12740802, -0.74950648, -0.76992742]), array([ 0.32890716, -0.0560348 ,  0.21221301, -0.189372  , -0.54885458,
        0.86078294,  0.18679043,  0.38184319]), array([-0.8474209 ,  0.15411103, -0.41454929,  0.67648252, -0.53786903,
        0.4690104 , -0.20560033, -0.83115014]), array([-0.96395295, -0.24698004, -0.26116936,  0.62698251, -0.24486918,
        0.01550267,  0.80757912,  0.6665555 ]), array([ 0.5093076 , -0.91200445, -0.77018091, -0.06131548, -1.77306786,
        0.42220303,  0.041854  , -0.64397645]), array([-0.94729731,  0.06459323,  0.53883871, -0.85062182,  0.21894464,
       -0.04091261,  0.62864461, -0.47571866]), array([-0.7109004 ,  0.35509997,  0.63673357,  0.67349224,  0.22870902,
        0.42663735, -0.30910613,  0.93487027]), array([-0.21577956,  0.84546015, -0.60189586,  0.1911254 , -0.32664483,
       -0.2281417 , -0.3747656 , -0.52775255]), array([ 0.23708622,  0.44184361,  0.08063665,  0.10321289,  0.95870584,
       -0.21771948,  0.94922061,  0.92880635])]",1.3103155136108398
2,41,"[array([-0.28139313,  0.45189662,  0.96158199, -0.67857694,  0.15514981,
       -0.7868859 , -0.80100666,  0.36192692,  0.54812869, -0.10620524,
        0.94000645,  0.54933445,  0.51226987,  0.09749005]), array([-0.61364719,  2.09299222,  0.99246611, -0.14116056,  0.41106171,
        3.03944212, -0.01588079,  0.84802454, -0.64214055, -0.78568251,
       -0.12329824, -0.29724233, -0.26340875,  1.07439131]), array([ 0.51970192,  0.93208518, -0.51516593, -0.23253285, -0.96358824,
        0.05314864, -0.0201929 ,  0.40849489, -0.37036254, -0.00180681,
       -0.26374624,  0.05526936,  0.59757809,  0.12296376]), array([-0.92227575,  0.33814947, -0.08831919,  0.74437995,  0.0776281 ,
        0.24399712, -0.08103298, -0.90058757,  0.73337612,  0.85794981,
        0.61857836,  0.28650275,  0.19561961, -0.83580591]), array([ 0.69443368, -0.4007801 ,  0.94178562,  0.84350592, -0.00965036,
       -0.67907555,  0.65211351, -0.77243117,  0.06888563,  0.44355219,
       -0.88217649, -0.87507136, -0.63425657,  0.50325161]), array([ 0.6457285 ,  0.96922916,  0.5280835 , -0.01736619, -0.712094  ,
       -0.5968508 ,  0.37989519,  0.68136476,  0.86369853, -0.30565642,
        0.06029092, -0.51004186, -0.4944865 , -0.20452804])]","[array([ 0.01852366,  0.28108104, -0.5696654 , -0.54693647,  0.96048626,
        0.8243454 ,  0.6564215 , -0.30979672,  0.20799955,  0.04759528,
        0.72482041,  0.55095986, -0.32508169,  0.79043836]), array([ 0.52687293,  0.27430726, -0.9008548 , -0.53462441, -0.15598773,
       -0.07961536,  0.92676192, -0.18728074, -0.19399394,  0.81082748,
       -0.61151227,  0.52869149,  0.15038052, -0.94748178]), array([-0.87206762, -0.33750054,  0.66877499, -0.10768151, -0.38410467,
       -0.5897943 ,  0.70690719, -0.36293614,  0.42393546,  0.81869557,
        0.6705831 ,  0.7148243 , -0.48720825,  0.90803466]), array([ 1.22085126, -0.8937628 ,  0.29008187,  0.01028562,  0.39348509,
       -0.00346603,  0.21238783,  0.13696528,  0.35913225, -0.48857671,
       -0.14413142,  0.35907455, -0.29534727, -0.73014719]), array([ 0.06770606, -0.03782154,  0.88998784, -0.24734047,  0.82871893,
       -0.41562193,  0.24934489, -0.9830972 , -0.89028661, -0.55871569,
        0.15485326,  0.32547625, -0.67618849, -0.79336053]), array([ 0.67831515, -0.53460766,  0.83053588,  0.89703463,  0.16923603,
        0.05093638,  0.78134183,  0.71297147, -0.3054923 ,  0.62888741,
        0.41409564,  0.606328  , -0.80347735, -0.99652808]), array([-0.53885602,  0.450879  ,  0.4740455 ,  0.25945271,  0.63814169,
       -0.61901048, -0.85397992,  0.50059604, -0.31525294, -0.17655776,
       -0.5023418 ,  0.22749904,  0.84579033, -0.59410159]), array([ 0.73421483, -0.93258019, -0.18482336, -0.27610896,  0.84977004,
        0.66072205, -0.78842715, -0.66765885, -0.60700004,  0.44287568,
       -0.59993441, -0.58312356, -0.3981109 ,  0.30019799])]","[array([-0.17905391,  0.26082975, -0.33649416,  0.22864829,  0.45931545,
        0.28040823,  0.38962722, -0.99830211]), array([-0.59563569,  1.23697862,  0.54834834, -0.42706339,  0.70553847,
        0.22535798, -0.84618273,  0.29596483]), array([-0.86542074,  0.96047436,  0.7888158 ,  0.62746291,  0.14113566,
       -0.01481035,  0.75735663,  0.82356488]), array([-0.00241982, -0.79601858,  0.2970694 , -1.4786558 , -0.01213711,
        0.89694579, -0.41452008,  0.5770809 ]), array([ 0.02455859, -0.94939625,  0.53307186,  0.77815946, -0.10147112,
        0.27756213, -0.10671497,  0.74992184]), array([ 0.45208319, -0.42769814,  1.22470084,  1.18908826,  0.54036153,
        0.94982893, -0.69925329, -0.85323885]), array([-0.87852465, -0.46555644, -0.65575441, -0.75053507, -0.42348875,
        0.90633351,  0.09508419, -0.65039793]), array([-0.81510136,  0.84952092,  0.18316619,  0.59028899,  0.34273962,
        0.48438444, -0.11925085,  0.83297205]), array([ 0.71818801, -0.09416571,  0.43718208, -1.37193011, -0.42361005,
       -0.77986384, -0.00352517,  0.84170729]), array([-0.02420891,  0.9555369 , -0.8956568 ,  0.60672906,  0.60978362,
       -0.09930309, -0.21129036,  0.0855021 ]), array([ 0.74446201, -0.84153775,  0.80858713, -0.77683322, -0.50710722,
       -0.36547559, -0.5308525 ,  0.08350153]), array([-0.8576219 ,  0.00936235, -0.40587552,  0.859969  ,  0.45115174,
       -0.07886921, -0.81483787, -0.81321258]), array([ 0.27673562, -0.77719869, -0.58314434, -0.13316563, -0.96445598,
       -0.42277846, -0.80845001,  0.76396449]), array([-0.42612426, -0.07370931, -0.74169681,  0.72989545, -0.84881114,
       -0.0744432 ,  0.07565346,  0.99694495])]",0.20398530960083008
2,42,"[array([-0.74376263, -0.70630947, -0.01058547,  0.99707166,  0.7787544 ,
        0.32230778,  0.99779049, -0.4792976 ,  0.94839875,  0.14112404,
        0.69148641, -0.61959291, -0.60280751,  0.02268947]), array([-0.49308651, -0.01462996, -0.49714937, -0.97802921,  0.62912702,
       -0.29828765, -0.00679677,  0.02309853, -0.51723771, -0.15763314,
        0.09984078, -0.05622402,  0.5091794 ,  0.68908951]), array([-0.69689132,  0.25311294, -0.58222326, -0.89222915, -0.27632726,
        0.50769631, -0.90431274, -0.7634151 , -0.07336801,  0.2472402 ,
        0.83314197,  0.32533484, -0.42526238, -0.91953793]), array([-1.67871839,  0.196152  , -0.27426626, -0.29720158,  0.21020158,
       -0.44346297,  0.28150702,  0.16182026,  0.48830998,  0.32239447,
        0.02183252, -0.62876374, -0.25010017,  0.68510601]), array([-0.01730412,  0.58382402, -0.63556427, -0.59235236, -0.34729322,
       -0.85386401, -0.01594913,  0.51899326, -0.44896074, -0.49879961,
       -0.26498641,  0.18721647,  0.52911301,  0.00295504]), array([ 0.94913743, -0.78565569, -0.64180454, -0.15102175, -0.72737406,
       -0.23238004, -0.41920443, -0.91653232, -0.75970805, -0.47459572,
        0.1212056 , -0.40105836,  0.42314011,  0.29625423])]","[array([ 0.99300803, -0.0948889 , -0.23371833,  0.06959942,  0.73430414,
       -0.8071738 ,  0.50242518,  0.79674322,  0.40360853,  0.5868099 ,
        0.54632349,  0.80615379,  0.80635639, -0.69502989]), array([-0.110745  ,  0.46594137,  0.916399  ,  0.69870708, -0.49609459,
        0.50340703,  0.15682023,  0.59561851,  0.14314864,  0.89716035,
        0.03488699, -0.40690715,  0.80514087, -0.31260266]), array([-0.91528652,  0.61964212, -0.16264138, -0.9720281 , -0.03078159,
       -0.67334896,  0.57434387, -0.84719144, -0.03047052,  0.42893721,
       -0.7923376 ,  0.22502593, -0.20438551,  2.13560491]), array([-0.71841108, -0.53764421,  0.23690239, -0.25832276, -0.82961942,
       -0.05102649, -0.68150303,  0.41132668,  0.31779811, -0.38829644,
        1.39323619, -0.34596749,  0.49866294, -0.8422672 ]), array([-0.19543966,  0.57685486, -0.42444227, -0.03138096,  0.52592568,
       -0.94684477, -0.53487698, -0.35288003,  0.60673437,  0.39375619,
       -0.92776446,  0.68996833, -0.76349978, -0.26815215]), array([-0.72065786, -0.31549503, -0.61793576,  0.75875428, -0.12679199,
        0.25502423, -0.536958  ,  0.85368375, -0.32051421, -0.06315787,
       -0.15722267,  0.95381249, -0.98171593,  0.47997892]), array([ 0.14814604, -0.65940859,  0.8808195 ,  0.14341502, -0.98993895,
       -0.71846551, -0.83764704,  0.6266917 , -0.76579642,  1.95836707,
       -0.9742333 ,  0.70228887, -0.39440027,  0.1700625 ]), array([-0.98569051, -0.01935106,  0.32422726,  0.41354011, -0.63941904,
        0.22620075,  0.09540186, -0.07750987,  0.19635962,  0.33373006,
       -0.21473889, -0.95543777, -0.30983085, -0.19534396])]","[array([ 0.02228732, -0.79272219,  0.42817301, -0.4404587 ,  0.38814596,
       -0.08267431,  0.27257095,  0.21711207]), array([-0.08319092, -0.09213449, -0.25555677, -0.88128008,  1.21805991,
       -0.48107397, -0.74551441,  0.69775433]), array([-0.72353892,  0.17094625,  0.69948712,  0.23630202,  0.97443772,
       -0.26654723,  0.79293606, -0.66607403]), array([ 0.84658838,  0.72452482,  0.66383974,  2.81338254,  0.05274218,
       -0.80765681, -0.55418669,  0.3457166 ]), array([ 0.55791486,  0.16510425, -0.83020218,  0.14668448, -0.69692287,
       -0.0894152 , -0.14473337, -0.94778121]), array([ 0.07165125,  0.57732075,  0.59535498,  0.10324322, -0.00823836,
        0.55182391,  0.46502943,  0.30371479]), array([ 0.98871399, -0.09477167, -0.27853462, -0.45220928,  0.19231174,
        0.25280742, -0.17314681, -0.59016897]), array([ 0.71978666,  0.48393775, -0.44756859, -0.48150451, -0.67059689,
       -0.7991499 ,  0.5527457 ,  0.50361306]), array([-0.80245245, -1.37253617,  0.66755235,  0.76222689,  0.56625516,
        0.40078813, -0.24944832,  0.36654539]), array([-0.75443064, -0.92822507,  0.41979133,  0.47468146, -0.44090816,
       -1.88975766, -0.43993644,  0.24161634]), array([-0.85583825, -0.45662357,  0.90924945, -0.79279717, -0.49636896,
        0.92489103,  0.82320992,  0.93666862]), array([ 0.95801532,  0.06405437, -0.09046629, -0.54342702, -0.97696932,
        0.05554296, -0.81071838,  1.33749814]), array([-0.12112421, -0.93777532,  0.92620625,  0.30867006, -0.23613894,
       -0.26387453,  0.49127456, -0.68122994]), array([-0.08063619, -0.47178027,  0.52796814, -0.25113607, -0.95186014,
       -0.99196049,  1.74394076, -0.74652409])]",0.31846818923950193
2,43,"[array([ 0.55869023, -0.15647363, -0.58701257,  0.22260246,  0.54459109,
       -0.44000398, -0.34407975,  0.52115087,  0.09499639,  0.48518682,
       -0.63002913,  1.20946578,  0.59884449, -0.67676617]), array([ 0.84975175,  0.13727742, -0.86282779,  0.80818302,  0.15472433,
        1.84736827, -0.47954524,  0.40716198, -0.30913269,  0.71462311,
        0.95739695,  0.93547322, -0.61951657, -0.75313751]), array([ 0.82043339,  0.75968645,  0.76563753, -0.27275095, -0.44871143,
        0.27876522, -0.75212253, -0.65945607,  0.86773271,  0.41810452,
       -0.16263436,  0.03315681, -0.8300768 , -0.15683612]), array([ 0.28354541, -0.24674534,  0.86014963,  0.4006785 , -0.20469854,
        1.35313443,  0.49065572, -0.41170366, -0.97906308, -0.35777225,
        0.2211008 ,  2.0595461 ,  0.33947489, -0.3309254 ]), array([-0.83299539, -0.39773838,  1.05883668,  0.56599668,  0.57484187,
        0.47656278, -0.67439598,  0.22622123,  0.19192637, -0.30327785,
        0.77252352,  2.25440516,  0.61124543,  0.00615591]), array([-0.40604831,  0.48772087,  0.70281838,  0.55634676,  0.97818607,
        0.7041987 ,  0.17625083, -0.45796155, -0.64757954, -0.99567479,
        0.64506295, -0.67729241,  0.8351714 ,  0.2297807 ])]","[array([-0.06210986,  0.01897365, -0.51218965,  0.38761047,  0.79019296,
        0.65330984, -0.46435268,  0.39317218,  0.10106293,  0.72253194,
        0.49198648,  0.74083649, -0.07453677,  0.52683725]), array([-0.1582302 ,  0.65067682,  0.64364886, -0.25885204,  0.29701015,
        0.66662204,  0.37347602,  0.02465237, -0.90872359,  0.77435834,
       -0.92494472,  0.89045077, -0.87691687,  0.57396156]), array([ 0.12969085,  0.53304738,  0.13752745, -0.18452251,  0.18661063,
        0.58703549, -0.37428428, -0.61692667, -0.30804566,  0.20533705,
       -0.48895526, -0.3139448 ,  0.53149939, -0.58400385]), array([ 0.35758184,  0.71706327,  1.70872066,  0.4077626 ,  1.3873693 ,
        0.56966969,  0.62289406, -1.03707274, -0.09408715,  0.25318046,
       -0.67015471,  0.72661732,  0.0807064 ,  0.22506615]), array([-0.63314242, -0.21556726, -1.0752245 , -0.75818798,  0.63732208,
        0.18399001, -0.59047806,  0.60494163,  0.70928031, -0.3895561 ,
        0.02202879, -0.41385146, -0.37938411, -0.56988969]), array([-0.27897438, -0.07641577, -0.4816178 ,  2.52535992, -0.23866394,
       -0.38757599,  0.17244027, -0.16459315,  0.08587772, -0.28776762,
       -0.24994289,  0.62845585, -0.1976565 , -0.48005113]), array([-0.65110151, -0.31117632, -0.39078427,  0.78968967,  0.89944508,
        0.63837997, -0.98088001,  0.75053423,  0.43649823,  0.13744224,
        0.19291916, -0.79880423, -0.19774117, -0.80421585]), array([-0.50662615,  0.75777524,  0.65014449, -0.22175752, -0.28844966,
        0.6272426 ,  0.05268897, -0.25566044, -0.46537139,  0.01744913,
        0.78065217, -0.06478294, -0.03816806, -0.78244462])]","[array([ 0.02228732, -0.79272219,  0.42817301, -0.4404587 ,  0.38814596,
       -0.08267431,  0.27257095,  0.21711207]), array([-0.08319092, -0.09213449, -0.25555677, -0.88128008,  0.56908024,
       -0.48107397, -0.74551441,  0.69775433]), array([ 0.64963989,  0.17094625,  0.69948712,  0.23630202,  0.97443772,
       -0.26654723,  0.79293606, -0.66607403]), array([ 0.84658838,  0.72452482,  0.66383974,  0.95699217,  0.05274218,
       -0.80765681, -0.55418669,  0.3457166 ]), array([ 0.91126191,  0.16510425, -0.83020218,  0.14668448, -0.69692287,
       -0.36329387, -0.26597543, -0.94778121]), array([ 0.07165125,  0.57732075,  0.59535498,  0.10324322, -0.04233513,
        0.55182391,  0.46502943,  0.30371479]), array([ 0.98871399, -0.09477167, -0.27853462, -0.45220928,  0.19231174,
        0.15753435, -0.00242264, -0.59016897]), array([ 0.71978666,  0.48393775, -0.44756859, -0.48150451, -0.67059689,
       -0.7991499 ,  0.5527457 ,  0.50361306]), array([-0.80245245, -1.37253617,  0.66755235,  0.76222689,  0.56625516,
        0.40078813, -0.24944832,  0.36654539]), array([-0.75443064, -0.92822507,  0.41979133,  0.8176792 , -0.44090816,
       -1.20317223, -0.43993644,  0.24161634]), array([-0.85583825, -0.45662357,  0.90924945, -0.79279717, -0.49636896,
        0.92489103,  0.82320992,  0.93666862]), array([ 1.74027976,  0.06405437, -0.09046629, -0.54342702, -0.97696932,
        0.05554296, -0.81071838,  0.79204584]), array([-0.12112421, -0.93777532,  0.92620625,  0.30867006, -0.23613894,
       -0.26387453,  0.49127456, -0.68122994]), array([-0.08063619, -0.47178027,  0.52796814, -0.25113607, -0.95186014,
       -0.99196049,  3.32148213, -0.74652409])]",-1.0216636657714844
2,44,"[array([ 0.13596812, -0.63170497,  0.20996924, -0.19792469, -0.67731732,
        0.52065613,  0.54029714, -0.14933741, -0.51404099, -0.65220488,
        0.31939857, -0.67339259,  0.18281205,  0.93438418]), array([-0.6871371 ,  0.19449172,  0.19374597,  0.04989171, -0.61587821,
       -0.54600502, -0.99911347,  0.07891019,  0.27047266,  0.35019205,
       -0.4977369 , -0.31805219, -0.71612032,  0.73515029]), array([-0.98042442, -0.11485232,  0.23946167,  0.76433292,  0.42853463,
        0.51787958, -0.95068252,  0.18047795,  0.15690385, -0.12517668,
        0.99345555, -0.26379021, -0.42436969, -0.80651543]), array([ 0.63636148,  0.23792859, -0.42876613,  0.91154863,  0.30594867,
       -0.16272897,  0.06144488,  0.41043672, -0.16943853, -0.24470913,
        0.13164429, -0.67796992,  0.75107602,  0.27665202]), array([ 0.4876072 ,  0.30572997,  0.97224165, -0.63305587, -0.95978219,
        0.45765482, -0.93149758, -0.45315352,  0.61058502, -0.58866121,
        0.04668749,  0.10008714,  0.45296101,  0.83703972]), array([ 0.02869652, -0.30508088,  0.960938  , -0.66852374, -0.28763759,
       -0.74325027,  0.66929173, -0.52618218,  0.25222352, -0.58924854,
        0.40577809,  1.27495374, -0.33618152, -0.83132347])]","[array([-9.13735503e-01, -6.47550403e-01,  2.39043051e-01, -8.97332906e-01,
       -7.81942995e-04, -8.61860760e-02, -3.94267893e-01,  9.72734838e-02,
        3.44101060e-01, -1.83780578e-01,  6.60541509e-02,  3.27801269e-01,
        5.19489232e-01,  6.51956412e-01]), array([ 0.14727571, -0.7380074 , -0.90091365,  0.22341321,  0.93195711,
       -0.97205118, -0.37812556,  0.16097353,  0.5866476 ,  0.71472533,
       -0.92494472,  0.89045077, -0.87691687,  0.57396156]), array([ 0.12969085,  0.53304738,  0.13752745,  1.29585045,  0.18661063,
        0.58703549, -0.37428428, -0.50427009, -0.30804566,  0.20533705,
       -0.48895526, -0.4228624 ,  0.53149939, -0.92092592]), array([ 0.35758184,  0.71706327,  0.84772074,  0.4077626 ,  0.58748775,
        0.56966969,  0.62289406,  0.8430272 , -0.087714  ,  0.2377369 ,
       -0.67015471,  1.37207828,  0.0807064 ,  0.22506615]), array([-0.63314242, -0.21556726, -0.7060393 , -0.75818798,  0.63732208,
        0.18399001, -0.59047806,  1.49025333,  0.70928031, -0.3895561 ,
        0.01737694, -0.41385146, -0.37938411, -0.56988969]), array([-0.27897438, -0.12743802, -0.4816178 ,  0.82167606,  0.6382117 ,
       -0.20529704,  0.17244027, -0.16459315,  0.08587772, -0.28776762,
       -0.24994289,  0.62845585, -0.1976565 , -0.48005113]), array([-0.65110151, -0.31117632, -0.92620658,  0.78968967,  0.89944508,
        0.63837997, -0.98088001,  0.75053423,  0.43649823,  0.58127181,
        0.19291916, -0.55388617, -0.19774117, -0.80421585]), array([-0.50662615,  0.9390166 ,  0.65014449, -0.22175752,  0.93381861,
        0.6272426 ,  0.05268897, -0.25566044, -0.46537139,  0.01744913,
        0.78065217, -0.06478294, -0.03816806, -0.78244462])]","[array([-0.80119343, -0.77296787, -0.88177691,  0.32747366, -0.39495552,
       -0.18329353,  0.87231694, -0.66669619]), array([-0.36719173,  0.2435991 , -0.22465078,  0.96687004, -0.8484798 ,
       -0.00642306,  0.24749819,  0.04093068]), array([ 0.44743237, -0.09892987, -0.80090372, -0.07104689,  0.86440607,
       -0.59293927,  0.19301513, -0.34250645]), array([-0.42558989,  0.20747071,  0.42702456,  0.23303418, -0.31437568,
       -0.03772774,  0.91787355,  0.85232908]), array([-0.00763884,  0.05055861, -0.99433846,  0.19286621,  0.72410853,
        0.11885627,  0.06930273, -0.10694012]), array([-0.16478179, -0.98795477, -0.07512263, -0.71933275, -0.64170871,
       -0.68139863,  0.30816364, -0.44227505]), array([ 0.77716273, -0.74864439, -0.71273072,  0.3701784 ,  0.51263106,
        0.38485908,  0.1923628 , -0.2861172 ]), array([ 0.99148317, -0.299446  ,  0.21217375, -0.79357455, -0.99909753,
        0.14304529,  0.3594136 ,  0.50084262]), array([-0.24285476,  0.38465739, -0.4045814 ,  0.58395098,  0.53888502,
       -0.44896353, -0.56168527,  0.97386699]), array([-0.02264961,  0.20616261,  0.73706923, -0.21022249, -0.19620011,
       -0.61733042, -0.27408219, -0.72390034]), array([ 0.89977263, -0.9551905 , -0.52123388, -0.14025339, -0.62869613,
       -0.20511832, -0.57123473,  0.10563029]), array([-0.89169523, -0.49080756,  0.54014046,  0.21654412, -0.09181653,
        0.81036684, -0.27416353, -0.98436439]), array([ 0.62865323,  0.46097038,  0.81678804,  0.27473837,  0.80670193,
        0.57564134,  0.52117329, -0.44311858]), array([ 0.21182744, -0.52089139, -0.95158918,  0.056128  ,  0.11465449,
       -0.30663086,  0.46540889,  0.09626721])]",-0.2167217254638672
2,45,"[array([-0.19344539, -0.33095841, -0.66548287,  0.61451435, -0.86546246,
        0.18241703, -0.98041325, -0.27157227,  0.0593681 ,  0.11788785,
        0.32785451,  0.24541788,  0.59782709,  0.01106107]), array([-8.46528544e-01,  7.85055238e-01, -8.85355521e-03,  2.30935055e-01,
       -5.18949855e-01,  3.06600197e-01, -8.29178912e-01, -9.04895468e-04,
        5.65623081e-01, -2.10197628e-01, -1.98356696e-01, -9.05815120e-01,
       -2.08529455e-01, -7.76331141e-01]), array([ 0.29422894,  0.59068386,  0.68511661, -0.47650403,  1.16124343,
       -0.76790219, -0.19821146, -0.59088897, -0.78862546, -0.96021177,
       -0.35777697, -0.13071029, -0.30998027, -0.94236812]), array([ 0.17826271,  0.27183242, -0.41259178, -0.01520271, -0.99104818,
       -0.74088313,  0.88291798,  0.27167709,  0.14110208, -0.28675418,
        0.2849317 ,  1.00560734, -0.12345001, -0.67511022]), array([ 0.97167183,  0.8838571 ,  0.11974799, -0.68513731, -0.76643396,
       -0.04857088, -0.15087815, -0.86579536, -0.00309415, -0.20360099,
       -0.73742577, -0.00518509,  0.00134244,  0.69366487]), array([ 0.59107326,  0.24985183, -0.19743197,  0.8495445 ,  0.75434943,
       -0.43111828,  0.62459404, -0.47748351, -0.23467389, -0.7837465 ,
        0.49307403,  0.88613209, -0.29897754, -0.31845386])]","[array([ 0.23055693,  0.24605989, -0.10584616, -0.55462453, -0.99198253,
       -0.80335321, -0.05111558,  0.31339769, -0.96150232, -0.90651126,
       -0.70846294,  0.7960575 , -0.17595408, -0.08662659]), array([-0.47703903, -1.29719455, -0.12082701,  0.65524212,  0.53892356,
        0.68922511,  0.74669077, -0.42896393,  0.57517458, -0.58173294,
       -0.67253024, -0.1992865 ,  0.11927825, -0.92624641]), array([ 0.91887308,  0.64600034,  0.02680606,  0.72473807,  0.56273437,
       -0.96193546, -0.33175232,  0.07273745,  0.64934945, -0.79121583,
       -0.08195137, -0.16573466, -0.76616353, -0.69548179]), array([-0.74142209,  0.09337132,  0.62725938,  0.42413415,  0.93460352,
       -0.98501373, -0.775071  , -0.1929879 ,  0.15340147,  0.92649861,
        0.8113481 ,  0.46379298, -0.58644888,  0.49768603]), array([ 0.25236027,  0.71925588, -0.32872642,  0.41094915,  0.3137235 ,
       -0.14382494, -0.88774499, -0.94531255,  0.50370588,  0.77224644,
        0.69047006, -0.18512889,  0.85822135, -0.2042325 ]), array([ 0.2449236 ,  0.26201647,  0.54336859, -0.50858531,  0.03423148,
        0.55286678, -0.99845951, -0.95818928, -1.36933462,  0.89034184,
       -0.93037482,  0.01632968, -0.52165787,  0.86989438]), array([-0.92169154,  0.79843212, -0.02618665, -0.56341654,  0.76804752,
       -0.060423  ,  0.89698124,  0.02218579,  0.18156308,  0.02980811,
       -0.36815947, -0.89471935, -0.58754833, -0.46891023]), array([ 0.15571593, -0.64805989,  0.58849625,  0.53374478, -0.08615955,
        0.88222103, -0.8476834 , -0.1698961 ,  0.10206775,  0.3353697 ,
       -0.31249726, -0.66775416,  0.14890299, -0.34048056])]","[array([-0.69306213,  0.57030225, -0.68273044, -0.3107405 , -0.2154483 ,
        0.01296525, -0.87987559, -0.94179652]), array([ 0.25884129,  0.08651209,  0.60122576,  0.47231487,  0.78600162,
        0.80275179, -0.41293039,  0.82122176]), array([ 0.49821969, -0.10897212,  0.33541624, -0.78309462, -1.49596943,
       -0.9778912 , -0.77353816, -0.54750338]), array([ 0.20991379, -0.19435201,  0.27827932, -0.002973  , -0.21919869,
        1.49032858,  0.49681888, -0.68841136]), array([ 0.72670304,  0.51704056, -0.62895905, -0.35938123, -0.14166546,
       -0.01271361, -0.20521228, -0.39988276]), array([-0.52022977, -0.38623487, -0.1886595 , -0.12048916, -0.56848207,
        0.5651371 ,  0.00213743,  0.94405692]), array([-0.34934791,  0.6153579 ,  0.192237  , -0.2988376 , -0.43114985,
       -0.95096559, -0.166717  , -0.47213711]), array([ 0.288444  , -0.75657419,  0.19551889,  0.65077562,  0.75248395,
       -0.36606399,  0.28120783, -0.48367789]), array([-0.23056652,  0.21973108,  0.91748463, -0.88713936,  0.59794152,
       -0.12495461, -0.71346972, -0.90112712]), array([ 0.39866142,  0.39815976, -0.9812426 , -0.4021043 ,  0.72921884,
        0.59075787,  0.79435801,  0.80856537]), array([ 0.14346294, -0.79051576,  0.1157094 ,  0.87795217, -0.583027  ,
        0.77158139,  0.15964687, -0.17898615]), array([ 0.17483719, -0.43291998,  0.51190235, -0.87867332,  0.80373679,
       -0.20589059, -0.63693096, -0.59023864]), array([-0.77271676, -0.25256498,  0.55792465,  0.56445082,  0.07161484,
       -0.71488564, -0.33323715, -0.39036211]), array([ 0.64983416, -0.08409939,  0.05831166, -0.04696511,  0.48850314,
        0.43565981,  0.57943117,  0.77574432])]",-1.8789913177490234
2,46,"[array([ 0.80346923, -0.34076584,  0.14697838, -0.66882368,  0.5043246 ,
       -0.42027563, -0.96796271,  0.74782228,  0.59684441,  0.04588248,
        1.85980138,  0.79442966,  0.84363761,  0.14590786]), array([-0.27125942,  0.07659793, -0.86947961, -0.94195208, -0.77732787,
        2.00465439, -0.01777974, -0.3011268 ,  0.4613793 ,  0.88887011,
       -0.89009734, -0.57487109, -0.31671039, -0.39671522]), array([ 0.00963871,  0.31855539, -0.18599857, -0.09492055,  0.27929301,
       -0.79886882, -0.96772792,  0.72518528, -0.61469399, -0.65531881,
       -0.64272537, -0.39974286, -0.31391462,  0.198805  ]), array([ 0.4947356 , -0.06285241, -0.55046191,  0.7872995 , -0.1160482 ,
        0.9585437 , -0.00625663,  0.52202931,  0.02996639,  0.46158313,
        0.2400351 ,  0.15907331, -0.77065796,  0.12524892]), array([-0.16925167,  0.27234188,  0.7681523 , -0.73109622,  0.14985905,
       -0.49165017,  0.95329075,  0.61251662, -0.05428112,  0.47058999,
        0.66731103,  0.90524828,  1.47820717,  0.40754882]), array([-0.46576053, -0.72603394, -0.97500982,  0.57538752,  0.15383008,
       -0.96554019, -0.99636479, -0.81670484,  0.00984876,  0.24605148,
       -0.21392932,  0.18975617,  0.80613454,  0.89269314])]","[array([-0.63649907,  0.90647256, -0.45044622, -0.13501564,  0.31221211,
        0.01770767,  0.68798115,  0.47295964,  0.27919137,  0.96509942,
        0.60330762,  0.21206362, -0.53056622, -0.69747101]), array([-0.50799062,  0.3135426 , -0.39517192,  0.77180718,  0.96121948,
       -0.61042773, -0.18427259,  0.48208659, -0.22426414, -0.46446102,
        0.55729421,  0.7898707 , -0.17559778, -0.06957335]), array([ 0.72665747,  0.21832952,  0.9619522 , -0.03174319, -0.460841  ,
        0.6312131 , -0.73079556, -0.66133533,  0.81437593, -0.1215473 ,
        1.83550726,  0.90711732,  0.57158049,  0.99203059]), array([ 0.83026913,  0.90131772,  0.47255218,  1.03815001,  0.55650084,
        0.24871601,  0.71621666,  0.81451025, -0.18036567, -0.2849391 ,
       -0.97507852,  0.71607825, -0.4545863 ,  0.00168138]), array([ 0.51068819,  0.32374907, -0.14269646, -0.08340176, -0.62777445,
       -0.72057609,  0.36533561, -0.87299375,  0.17887089,  0.8993355 ,
        0.70653563,  0.19448687,  0.22431529,  0.48932439]), array([-0.40960716, -0.87684255, -0.90284924,  0.27196403, -0.41802064,
        0.8899534 , -0.83428292,  0.49868236, -0.48118057, -0.5204139 ,
        0.55369871,  0.11217154,  0.15123981, -0.92851377]), array([-0.43015006,  0.64026493,  0.13627572,  0.19717811, -0.0857723 ,
       -0.67261286,  0.84975811, -0.80695452, -2.46766478, -1.32052509,
       -0.56160789, -0.27133317,  0.24284846,  0.54803748]), array([ 0.98760117, -0.93138991, -0.3133754 , -0.57290395, -0.41985085,
        0.25902502,  0.11090853, -0.46614099, -0.10270547, -0.13092905,
        0.62672634, -0.97670268, -0.13193139,  0.33912315])]","[array([ 0.06785954, -0.27237002,  0.56701279, -0.77109771,  0.91511448,
       -1.12653772,  0.5767812 , -0.43514789]), array([ 0.3140171 , -0.68300861, -0.72161921,  0.14543461,  0.11822017,
        0.04295335, -0.3769493 ,  0.62933893]), array([-0.95310786,  0.68116416,  2.30114401, -0.30892063,  0.06955351,
        0.90777585,  0.0397824 , -0.98535397]), array([-0.24360704, -0.16267562, -0.61169053,  0.9293099 ,  0.07170897,
        0.14472445,  0.79655732, -0.50324926]), array([-0.41550926, -0.91020692, -0.68488129, -0.3152281 ,  0.13009177,
       -0.66471219,  0.98603969,  0.16328088]), array([-1.37549446,  0.43363858, -0.71312506, -0.42866971,  0.43712414,
        0.32121843, -0.05730958, -0.03209035]), array([ 0.49165662,  0.32274054,  0.10438148,  0.35234501,  0.20426092,
        2.19477555,  0.38376   , -0.086607  ]), array([-0.98102726,  0.68427187, -0.61293798, -0.01191152,  0.20420393,
       -0.66908598,  0.91028825, -0.22204306]), array([-0.17984236, -0.37346556,  0.33028936, -0.79325509, -0.97999177,
        0.16186618,  0.38447831, -0.18514435]), array([ 0.16946288,  0.05645627, -0.46206889, -0.04858276,  0.74032017,
        0.1331465 ,  0.79763676,  0.45752424]), array([ 0.07672471,  0.54375857,  0.94722417, -0.67265602,  0.78852391,
       -0.36645559, -0.74090634, -0.05136673]), array([-0.01016438, -0.80695895,  0.85835613,  0.97817708, -0.01469877,
        0.48237409,  0.63532144, -0.56053719]), array([-0.60626484, -0.02701529,  0.04994016,  0.79993089, -0.25938205,
        0.35193277, -0.88728784,  0.63621086]), array([ 0.20044254,  0.62509182,  0.888613  , -0.041414  ,  0.20077264,
       -0.52534933, -0.68542253,  0.72826544])]",2.774159240722656
2,47,"[array([-0.74376263, -0.70630947, -0.01058547, -0.40138721,  0.7787544 ,
        0.32230778,  0.99779049, -0.4792976 ,  0.94839875,  0.14112404,
        0.69148641, -0.61959291, -0.60280751,  0.02268947]), array([-0.49308651, -0.01462996, -0.49714937, -0.97802921,  0.62912702,
       -0.29828765, -0.00679677,  0.02309853, -0.86892709, -0.15763314,
        0.09984078, -0.05622402,  0.5091794 ,  0.68908951]), array([-0.69689132,  0.25311294, -0.58222326, -0.89222915, -0.27632726,
        0.75339591, -0.90431274, -0.7634151 , -0.07336801,  0.2472402 ,
        0.83314197,  0.32533484, -0.42526238, -1.03565347]), array([-0.9214822 ,  0.196152  , -0.27426626, -0.20701207,  0.10623296,
       -0.9201014 ,  0.28150702, -0.14925406,  0.48830998,  0.32239447,
        0.02183252, -0.62876374, -0.25010017,  0.68510601]), array([-0.01730412,  0.58382402, -0.63556427,  0.28767799, -0.34729322,
       -0.85386401, -0.01594913,  0.51899326, -0.44896074, -0.49879961,
       -0.26498641,  0.18721647,  0.52911301,  0.00295504]), array([ 0.5294336 , -0.30036918, -0.64180454, -0.15102175, -0.72737406,
       -0.23238004, -0.41920443, -0.91653232, -0.75970805, -0.47459572,
        0.1212056 , -0.40105836,  0.59943695,  0.29625423])]","[array([ 0.99300803, -0.0948889 , -0.23371833,  0.06959942,  0.73430414,
       -0.8071738 ,  0.50242518,  0.79674322,  0.40360853,  0.5868099 ,
        0.54632349,  0.80615379,  0.80635639, -0.69502989]), array([-0.110745  ,  0.46594137,  0.56966859,  0.69870708, -0.49609459,
        0.50340703,  0.15682023,  0.59561851,  0.14314864,  0.89716035,
        0.06472824, -0.33894987,  0.80514087, -0.31260266]), array([-0.91528652,  0.61964212, -0.21449148, -0.9720281 , -0.03078159,
       -0.67334896,  0.57434387, -0.84719144, -0.03047052,  0.42893721,
       -0.7923376 ,  0.22502593, -0.20438551,  0.69136452]), array([-0.71841108, -0.50266881,  0.23690239, -0.25832276, -0.82961942,
       -0.05102649, -0.68150303,  0.41132668,  0.31779811, -0.38829644,
        1.39323619, -0.34596749,  0.49866294, -0.8422672 ]), array([-0.19543966,  0.57685486, -0.42444227, -0.03809657,  0.52592568,
       -0.94684477, -0.53487698, -0.35288003,  0.60673437,  0.39375619,
       -0.92776446,  0.68996833, -0.76349978, -0.26815215]), array([-0.72065786, -0.31549503, -0.61793576,  0.75875428, -0.12679199,
        0.25502423, -0.536958  ,  0.85368375, -0.16549828, -0.06315787,
       -0.15722267,  0.18789006, -0.98171593,  0.47997892]), array([ 0.14814604, -0.65940859,  0.8808195 ,  0.14341502, -0.98993895,
       -2.15519149, -0.83764704,  0.6266917 , -0.76579642,  1.95836707,
       -0.9742333 ,  0.70228887, -0.39440027,  0.50629666]), array([-0.98569051, -0.03285552,  0.32422726,  0.41354011, -0.63941904,
        0.22620075,  0.09540186, -0.07750987,  0.19635962, -0.30114452,
       -0.21473889, -0.95543777, -0.30983085, -0.19534396])]","[array([ 0.06785954, -0.27237002,  0.56701279, -0.77109771,  0.91511448,
       -0.64940299,  0.5767812 , -0.43514789]), array([ 0.3140171 , -0.41477238, -0.72161921,  0.14543461,  0.13489052,
        0.04295335, -0.3769493 ,  0.62933893]), array([-0.95310786,  0.68116416,  2.30114401, -0.30892063,  0.06955351,
        0.90777585,  0.0397824 , -0.98535397]), array([-0.24360704, -0.16267562, -0.61169053,  1.23334851,  0.07170897,
        0.14472445,  0.79655732, -0.50324926]), array([-0.41550926, -0.91020692, -0.68488129, -0.3152281 ,  0.13009177,
       -0.66471219,  0.98603969,  0.16328088]), array([-0.88683534,  0.43363858, -1.17880721, -0.42866971,  0.43712414,
        0.6614376 , -0.05730958, -0.03209035]), array([ 0.49165662,  0.32274054,  0.10438148,  0.35234501,  0.20426092,
        2.81110888,  0.38376   , -0.086607  ]), array([-0.98102726,  0.68427187, -0.61293798, -0.02707616,  0.20420393,
       -0.66908598,  0.91028825, -0.22204306]), array([-0.32765665, -0.37346556,  0.33028936, -1.81736504, -0.97999177,
        0.16186618,  0.38447831, -0.18514435]), array([ 0.16946288,  0.05645627, -0.46206889, -0.04858276,  0.74032017,
        0.1331465 ,  0.37586722,  0.45752424]), array([-0.93775485,  0.54375857,  0.94722417, -0.67265602,  0.78852391,
       -0.36645559, -0.74090634, -0.05136673]), array([-0.01016438, -0.80695895,  0.85835613,  0.97817708, -0.1227007 ,
        0.48237409,  0.63532144, -0.56053719]), array([-0.60626484, -0.07406035,  0.04994016,  0.79993089, -0.25938205,
        0.35193277, -0.88728784,  0.63621086]), array([ 0.20044254,  0.62509182,  0.888613  , -0.041414  ,  0.20077264,
       -0.52534933,  0.69175374,  0.18653574])]",0.8760177612304687
2,48,"[array([ 0.33650325,  0.58055536, -0.07169497, -0.01123548,  0.76364414,
       -0.19576377,  0.80650707, -0.40047397,  0.01781803, -0.02454897,
       -0.61739756, -0.47535892, -0.63881237,  0.46588259]), array([-0.82728263, -0.63154031, -0.8492191 ,  0.52570179, -0.47061462,
        0.3961785 , -0.2560705 , -0.48182005,  0.25038466, -0.77702613,
       -0.83687258,  0.4469439 , -0.87067382,  0.68814601]), array([ 0.52177794,  0.12844788, -0.26564277, -0.15231464,  0.7523023 ,
        0.89441182, -0.23495435, -0.92455351, -0.53945527, -0.97081125,
       -0.29886202, -0.25632788,  0.71742893,  0.72344643]), array([-0.56841766, -0.05505988, -0.69133963, -0.60170127, -0.12426407,
        0.66110709,  0.86094538,  0.83174063, -0.27517654,  0.17217127,
        1.95588547,  0.05119183, -0.56950557,  0.03516083]), array([-0.89732098, -0.51856659, -0.63477991, -0.42805114,  0.8252759 ,
        0.2604819 ,  0.05149198, -0.52220948, -0.99412283, -0.91574597,
       -0.65833819, -0.58617771, -0.16700677,  0.27537736]), array([-0.11271071,  0.37287372,  0.16049211, -0.15974009, -0.43090327,
       -0.03172674, -0.40403854,  0.79993423,  0.76210615,  0.28267328,
        0.24143241, -0.01794763,  0.61222814, -0.62923681])]","[array([-0.59584762,  0.31926251,  0.77927921, -0.44704587,  0.36057917,
        0.39556505, -0.50060975, -0.76296263,  0.85305305, -0.2939035 ,
        0.84421362, -0.29458446, -0.89464917, -0.59503537]), array([-0.96929459,  0.89618414,  0.00375134,  0.07198413, -0.58901546,
        0.1841003 ,  0.52324651,  0.40100527,  0.64059535, -0.36755279,
       -0.38548427, -0.74098623, -0.75828973, -0.96906518]), array([-0.85861545, -0.56539592,  0.0198665 , -0.06387598, -0.37471989,
        0.52743544,  0.47534694, -0.2319273 , -0.35312639,  0.59865637,
        0.13402814, -1.81433747,  0.27245678, -0.37916526]), array([-0.68184365, -0.77101867, -0.950171  , -0.93327516, -0.56233707,
        0.62364124, -0.3164581 ,  0.49722466, -0.42904293, -0.58213   ,
       -0.18610021,  0.12491531,  1.5166156 , -0.88213514]), array([ 0.82118753,  0.87553019,  0.83514082,  1.2529747 , -0.56894618,
        0.08312138,  0.04458444, -0.83038665, -0.89887905, -0.97786128,
        0.21981459,  0.92864633,  0.6157572 ,  0.87318091]), array([ 0.23256751, -0.56038064,  0.01248057,  0.32050489, -0.08830095,
       -1.07925038,  0.40408306,  0.58188849, -0.82218582, -0.56277159,
        0.21262117,  0.50458689, -0.73506589, -0.38552969]), array([ 0.05174885,  0.93098297, -0.28550948, -0.06466848, -0.67063704,
        0.07165936, -0.39731076,  0.31711187,  0.54173847, -0.26507061,
        0.14712744,  0.94848298, -0.27065013, -0.87935529]), array([ 0.09837756,  0.45451248, -0.92200891,  0.11408776,  0.09245649,
        0.82159807, -1.87664286, -0.79479775, -0.07819238,  0.70150566,
       -0.07756362,  0.78991226,  0.51803839, -0.72488975])]","[array([ 0.30975607,  0.2681403 , -0.81800851,  0.1491822 , -0.09886177,
       -0.01588332,  0.3481422 ,  0.13179836]), array([ 0.48634676, -0.02105661, -0.10786292,  0.64765312, -0.33186955,
        0.10193755,  0.22627911, -0.8500119 ]), array([-0.1986939 ,  0.37104758, -0.91665857, -0.37812488, -0.50804264,
        0.14249438, -0.8121718 ,  0.4058389 ]), array([-0.9176777 , -0.53357729, -0.51700245, -1.45944696,  0.11127718,
        0.94403796,  0.01305573, -0.61628932]), array([ 4.82447881e-01,  4.94941639e-02,  4.80365804e-01,  7.02913790e-01,
       -7.82622775e-01, -1.08010902e-01, -3.18162227e-06,  7.90904961e-01]), array([ 0.82860505,  0.24061492,  0.68657374,  0.12958488,  0.52484493,
        0.09865949,  0.40260519, -0.35024492]), array([-0.50962637, -0.14502825, -0.16232889, -0.30600966, -0.26774469,
       -0.34619582,  0.49199382, -0.3645999 ]), array([ 0.62750241, -0.47823704,  0.10272217,  0.04702928,  0.31759123,
        0.71579248, -0.1807597 ,  0.6640447 ]), array([ 0.34023677,  0.74601597, -0.82515768,  1.3015324 , -0.25245185,
        0.07984177,  0.66314693,  0.93310319]), array([-0.36048859,  0.23681588,  1.9962843 ,  0.85515588, -0.02785396,
        0.18910889, -0.67493554, -0.64168685]), array([ 1.32601288,  0.47956732,  0.21607633, -0.92996436,  0.69057796,
       -0.74352822,  1.00865407, -0.19732879]), array([ 0.30184252, -0.40441197,  0.42241965,  0.02444253,  0.06029218,
        1.32019096, -0.51361345, -0.37856274]), array([ 0.34951437, -0.07836318, -0.58134036, -0.89597132,  0.31834645,
        0.1852848 ,  0.10825943,  0.64861331]), array([-1.84263931, -0.9930547 ,  0.61062261,  0.77668845, -0.01442181,
        0.52328356, -0.52306878,  0.75369841])]",1.1309385299682617
2,49,"[array([-0.28139313,  0.45189662,  0.96158199, -0.67857694,  0.15514981,
       -0.7868859 , -0.80100666,  0.36192692,  0.54812869, -0.30479029,
        0.94000645,  0.32903371,  0.51226987,  0.56178808]), array([-0.61364719,  0.93990226,  0.99246611, -0.14116056,  0.41106171,
        0.85043013, -0.01588079,  0.84802454, -0.64214055, -0.78568251,
       -0.31074717, -0.29724233, -0.26340875,  0.46860771]), array([ 0.8333294 ,  0.93208518, -0.51516593, -0.20227829, -0.96358824,
        0.05314864, -0.0201929 ,  0.40849489, -0.37036254,  0.04238663,
       -0.26374624,  0.05526936,  0.59757809,  0.12296376]), array([-0.92227575,  0.33814947, -0.43786423,  0.74437995,  0.0776281 ,
        0.24399712, -0.93774903, -0.90058757,  0.73337612,  0.85794981,
        0.61857836,  0.28650275,  0.19561961, -0.83580591]), array([ 0.69443368, -0.4007801 , -1.46563184,  0.84350592,  0.10158208,
        0.14886974,  0.65211351,  0.6735035 ,  0.06888563,  0.44355219,
       -0.88217649, -0.87507136, -0.63425657,  1.17466839]), array([ 0.22957112,  2.14126479,  0.5280835 ,  0.00296519, -0.86593472,
       -1.37774289,  0.46474186,  0.68136476,  0.86369853, -0.30565642,
        0.02537268, -0.51004186, -0.4944865 , -0.19270494])]","[array([ 0.01852366,  0.28108104, -2.01305812, -0.54693647,  0.56718974,
        0.54973874,  0.6564215 , -0.34232638,  0.20799955,  0.04759528,
        0.72482041,  0.55095986, -0.32508169,  0.79043836]), array([ 0.52687293,  0.27430726, -0.9008548 , -0.53462441, -0.16203835,
       -0.15713476,  0.92676192, -0.71409817, -0.19399394,  1.70626054,
       -0.95026954,  0.52869149,  0.48582571,  0.96169169]), array([ 0.33095325,  0.69971138, -0.24060378, -0.46924776, -0.55916227,
       -0.03378984,  0.07274429,  0.71922984, -0.18674137,  0.35421342,
       -0.33711156,  0.8247932 , -0.10632303,  0.28280304]), array([-0.10562631,  0.11808218,  0.83471573, -0.24692546,  0.27562914,
       -0.41143939, -0.19371831, -0.33903697,  0.47103304, -0.33140747,
        0.29366745,  0.46481119, -0.9884993 ,  0.91543004]), array([-7.60531138e-01, -9.69756868e-01, -6.64919720e-01,  2.33914453e-01,
       -1.40165322e+00, -3.19379189e-01, -6.97953217e-01, -7.99189400e-01,
        7.42681756e-01,  5.76209204e-04, -9.62089264e-01, -9.97169152e-01,
        3.49558553e-01, -4.98993318e-01]), array([ 0.06020904,  0.206101  ,  0.9180418 , -0.74748798,  0.57595608,
       -0.90437899,  0.54670254,  0.8100053 , -0.044567  , -0.62508289,
        0.46914466, -0.14755168,  0.69227941, -0.46299469]), array([ 0.24387103, -0.44285596,  0.25593835,  0.02597119, -2.37578628,
        0.76299227,  0.67712124, -0.06984005, -0.47736521,  1.24232762,
       -0.65478408,  0.17629928, -0.05519365,  0.23663836]), array([-0.21736853,  0.87175055, -2.54348958,  0.589702  ,  0.78250879,
       -0.55085304, -0.90657135, -0.75300272, -0.47580931, -0.68801397,
       -0.84896898, -0.80156173,  0.54771703,  0.95089103])]","[array([ 0.30975607,  0.2681403 , -0.56333342,  0.1491822 , -0.22762611,
       -0.01588332,  0.3481422 ,  0.13179836]), array([ 0.48634676,  0.4345594 , -0.10786292,  0.64765312, -0.33186955,
       -0.02524927,  0.22627911, -0.8500119 ]), array([-0.1986939 ,  0.37104758, -2.13264195, -0.74150107, -0.50804264,
        0.14249438, -0.8121718 ,  0.4058389 ]), array([-0.9176777 , -0.53357729, -0.51700245, -1.45944696,  0.11127718,
        0.64737138,  0.01305573, -0.61628932]), array([ 4.82447881e-01,  4.97693225e-02,  4.80365804e-01,  7.02913790e-01,
       -7.82622775e-01, -1.08010902e-01, -5.57915855e-06,  7.90904961e-01]), array([ 0.82860505,  0.24061492,  0.68657374,  0.12958488,  0.52484493,
        0.09865949,  0.40260519, -0.35024492]), array([-0.50962637, -0.14502825, -0.16232889, -0.30600966, -0.26774469,
       -0.34619582,  0.49199382, -0.3645999 ]), array([ 0.62750241, -0.47823704,  0.10272217,  0.04702928,  0.31759123,
        0.71579248, -0.03819573,  0.6640447 ]), array([ 0.34023677,  0.74601597, -0.82515768,  1.3015324 , -0.2100764 ,
        0.07984177,  0.66314693,  0.93310319]), array([-0.36048859,  0.23681588,  0.8659543 ,  0.85515588,  0.539651  ,
        0.3288894 , -0.67493554, -0.64168685]), array([ 0.3322995 ,  0.47956732,  0.21607633, -0.92996436,  0.69057796,
       -0.74352822,  1.00865407, -0.19732879]), array([ 0.30184252, -0.40441197,  0.42241965,  0.02444253,  0.06029218,
        0.80672403, -0.40471647, -0.37856274]), array([ 0.34951437, -0.07836318, -0.58134036, -0.89597132,  0.31834645,
        0.1852848 ,  0.10825943,  0.64861331]), array([-1.84263931, -0.9930547 ,  0.61062261,  0.4251131 , -0.01442181,
        0.52328356, -0.52306878,  0.75369841])]",0.012873077392578125
2,50,"[array([ 0.55869023, -0.15647363, -0.58701257,  0.22260246,  0.54459109,
       -0.44000398, -0.34407975,  0.36668565,  0.09499639,  0.48518682,
       -0.63002913,  0.81989363,  0.59884449, -0.67676617]), array([ 0.84975175,  0.45520731, -0.86282779,  0.63418078,  0.16470125,
        0.96591813, -0.47954524,  0.40716198, -0.30913269,  0.71462311,
        0.95739695,  0.93547322, -0.61951657,  0.96243054]), array([-0.01013539, -2.52962283, -0.89720545,  0.49531097, -0.70160018,
       -0.95505165,  0.00822093, -0.82679848, -0.99249223,  0.21273479,
        0.36619286,  0.3306799 ,  0.61197088, -0.05600572]), array([-0.1421735 ,  0.22777531, -0.93807371, -0.15418181,  1.58192808,
        0.76381169,  0.6789942 , -0.27210309,  0.84749023,  0.01296151,
       -0.4611563 ,  0.32525022, -0.41862809, -0.20698776]), array([-0.33985638,  0.96787653, -0.06095538,  0.29311405,  0.4903744 ,
       -0.00930604,  0.26262537, -0.43178554,  0.04002023, -0.61670558,
       -0.28647725,  0.22249099,  0.66630841, -0.69636075]), array([ 0.58211248,  0.08109661,  0.13761869,  0.99040607, -0.20298112,
        1.33116139, -0.17480962, -0.09485897,  0.85562766,  0.67352303,
        1.23620759,  0.97305471,  0.2639651 ,  0.99523145])]","[array([-1.42241516,  0.13400361,  0.26227558, -0.43541515, -1.57497786,
       -0.31809471,  0.52026879, -0.96511405,  0.49943723, -0.22199725,
        0.40785839, -0.29559927,  0.65384111, -0.62019122]), array([-0.4422867 , -0.62979874,  0.53393448, -0.91093405, -0.28103139,
       -0.53510346, -0.67536769,  0.25111745, -0.18383071,  3.9861608 ,
        0.33277928,  0.51291294,  0.73135586,  0.92790295]), array([-0.55755172, -0.09503194, -0.45488683, -0.53826849,  0.5946167 ,
       -0.55524883,  0.26499666, -0.68920452, -0.75822094,  0.46227158,
       -0.64901496, -0.18645291,  0.55130357,  0.08453495]), array([-0.38910832,  1.0648517 ,  0.67839047,  0.2808995 , -0.16058286,
       -0.27027575, -0.02806174, -0.92553552,  0.65471203, -0.94115972,
       -0.73449476, -0.89040029,  0.15978536, -0.96013743]), array([ 0.42198773,  0.10029261,  0.11592382, -0.10879778, -0.39139635,
       -0.39096232, -0.78019235, -0.6581674 ,  0.92207856, -0.4791042 ,
       -0.41934259, -0.75877318,  0.93515579,  0.8676082 ]), array([-0.64374559,  0.88000406, -0.98676123, -0.69346501, -0.35100304,
       -0.09669224,  0.73491764, -0.53579846, -0.99355478,  0.68737202,
        0.59880649,  0.72536133,  0.27412698, -0.95846076]), array([-0.70791199,  0.40879907, -0.96591834, -0.92982713,  0.04990937,
        0.36511226,  0.5884636 , -0.60257422, -0.29210734,  0.88037685,
        0.0338927 , -0.58651857, -0.64224695, -1.14247471]), array([-0.27989338,  0.90155269,  0.83418138, -0.95464766, -0.29220845,
       -0.59594792, -0.67975252, -0.86734748, -0.55261651, -0.58688052,
       -0.77519201,  0.34900372,  0.70868751,  0.62664235])]","[array([-0.06104154, -0.70695225, -0.92671827,  0.86898364, -0.31352553,
        0.02496904,  1.08686552, -0.84816944]), array([ 0.00145191, -0.15237564, -0.94140465,  0.82996617,  0.59759111,
        0.43869356,  0.38676622, -0.44033693]), array([-0.24920106,  0.22573288, -0.75208024,  0.00513176, -0.81390193,
        0.41773256,  0.45196813, -0.39424396]), array([-0.14156258,  0.37289924, -0.25410953, -0.61994089, -0.79806817,
       -0.08525808,  0.96176075, -2.02140483]), array([ 0.14301669,  0.9317445 ,  0.19440753, -0.63756514,  0.51363005,
       -0.11286346,  0.75165733, -0.76197186]), array([-0.97060121, -0.78586812, -0.80979608, -0.77445004,  0.76736446,
        0.15605382,  0.70953316, -0.85105113]), array([-0.72401657, -0.99627136, -0.53476546,  0.84542966,  0.06177232,
       -0.39301835,  0.36268291, -0.89957126]), array([ 0.40333037, -0.01899284, -0.01767188,  0.81130598, -1.14800122,
       -0.36637898,  0.38160889,  0.99528143]), array([-0.4227267 , -0.15097895, -0.66804999, -0.60531021, -0.56690186,
        0.76647021, -0.40362441, -0.21475099]), array([-0.265649  , -0.3944591 , -0.80322483,  0.14134457,  1.37352159,
       -0.14716678, -0.19847904, -0.33826398]), array([-0.35066789,  0.3866444 ,  0.62802584, -0.15066107,  0.80942042,
       -0.28132369,  0.42320728,  0.19214685]), array([-0.72634268, -2.33311981, -0.95586338, -0.09511043, -0.21009615,
       -0.3231976 , -0.16549078,  0.66739189]), array([-0.49839273,  0.76673221, -0.4952517 , -0.49954137, -1.51224783,
       -0.77946731,  0.95719135,  0.96302285]), array([-1.1236814 , -0.53644944,  0.08538712,  0.29949719, -0.50288309,
        0.34963123,  0.05209881, -0.23968887])]",2.8370901107788087
2,51,"[array([-0.58700118, -0.93448012, -0.15682488, -0.86615925,  0.86276142,
       -0.95085129, -0.46382811, -0.37813456, -0.05791423,  0.15862494,
       -0.09004685, -0.71465856, -0.79068207, -0.26886809]), array([-0.82801587, -0.70569066,  0.88063034, -0.67775606,  0.3858969 ,
        1.55226826,  0.91735109, -0.0502704 , -0.96672675,  0.03351944,
       -0.93951159, -0.84581863,  1.85871923, -0.75313751]), array([ 0.82043339,  0.75968645,  0.76563753, -0.27275095, -0.44871143,
        0.13974133, -0.75212253, -0.65945607,  0.86773271,  0.41810452,
       -0.16263436,  0.03315681, -0.89626556, -0.15683612]), array([ 0.28354541, -0.24674534,  0.86014963,  0.4006785 , -0.20469854,
        0.82092792,  0.49065572, -0.12154261, -0.97906308, -0.35777225,
        0.13849413,  0.9497186 ,  0.44792226, -0.98478839]), array([ 0.40713962, -0.47838137,  0.59396035,  0.71356736,  0.57484187,
        0.00959238, -0.67439598,  0.22622123,  0.19192637, -0.30327785,
        0.77252352,  0.9878251 ,  0.61124543, -0.09641641]), array([-0.40604831,  0.48772087,  0.70281838,  0.55634676,  0.97818607,
        0.7041987 ,  0.17625083, -0.45796155, -0.64757954, -0.99567479,
        0.64506295, -0.67729241,  0.8351714 ,  0.2297807 ])]","[array([-0.06210986,  0.01897365, -0.34329258,  0.38761047,  0.79019296,
        0.71517027, -0.46435268,  0.23924329,  0.10106293,  1.08950699,
        0.49198648,  0.74083649, -0.07453677,  0.52683725]), array([-0.12933428,  0.65067682,  0.64364886,  0.78888129, -0.43116068,
        0.48551768, -0.23793041, -0.22471427,  0.43105701, -0.75736262,
       -0.53593921, -0.77604943, -0.02501176, -0.39695047]), array([ 0.39489446, -0.40161592,  0.69642388, -0.18982897, -0.80807083,
       -0.53991845, -0.76086447, -0.75153077, -0.83585568,  0.99086994,
       -0.74482429,  0.70001682, -0.00120962, -0.89011283]), array([-0.44737247,  0.88658154, -0.17557932,  0.57078063, -0.01555675,
       -0.07164426,  0.77236198, -0.54350722,  0.77155945, -0.28580515,
        0.01946203,  0.80426078,  0.54150227,  0.73285633]), array([-0.10285878, -0.86507669, -0.15018816,  0.76620129,  0.79359492,
       -0.04761004,  0.59048495,  0.63309248,  0.79173851, -0.46339401,
        0.92715488, -0.55006233, -0.57831539, -0.36181351]), array([-0.99737065, -0.56185192,  0.59831672, -0.70615226,  0.99537952,
        0.17299037,  0.72376193, -0.30442287, -0.98854914, -0.4843262 ,
       -0.17821932, -0.49925129, -0.0959293 ,  0.45109649]), array([-0.68485076,  0.39966117, -0.70572395, -0.25686944, -0.95034452,
        0.68701477,  1.11893232, -0.35190438, -0.25716348, -0.45726753,
        0.36465492, -0.26494478, -0.61651075,  0.45058137]), array([-0.96578531, -0.92980067,  0.2085969 , -0.93369045, -0.3488816 ,
        0.28461263, -0.98963587, -0.75581699, -0.30365433,  0.88075709,
       -0.31859399, -0.94887097, -0.20861869, -0.7031864 ])]","[array([ 0.27633833, -0.15693958, -0.60185353,  0.31155146,  0.87551892,
        0.53883486, -0.91997673,  0.81966185]), array([ 0.21724769,  0.44817131,  0.20712666, -0.58424468,  0.90530399,
       -0.13317321,  0.23181966, -0.38327563]), array([ 2.49312612e-01,  1.13994812e-03, -6.70638954e-01,  7.12151909e-01,
       -6.96232894e-01,  3.73653785e-01,  3.15454115e+00, -3.17924494e-01]), array([ 0.65599544, -0.56232119, -0.87570794,  0.82339152,  0.06627977,
       -0.13533424,  0.4960011 ,  0.23638978]), array([-0.60566264,  0.39230564, -0.44895539,  0.85278335,  0.11012248,
       -0.84984401,  0.03296345, -0.08479549]), array([-8.32459852e-01, -4.53876227e-01, -5.53918419e-01, -1.70641331e-04,
       -6.60810241e-01, -7.30179570e-01,  3.25961841e-01,  7.37965031e-01]), array([-0.50293641,  0.03219009,  0.95116932,  0.03929121, -0.74717369,
       -0.16417082, -0.64891126, -0.02535934]), array([ 0.94852864,  0.1551156 , -0.08857275,  1.44271892, -0.84396622,
        0.68145177, -0.15586434,  0.81597773]), array([ 0.72304798,  0.69169   ,  0.66189674, -1.05206231, -0.59002581,
        0.68665386,  0.85640555,  0.09561481]), array([-0.32861132, -0.47204073,  0.08308313,  0.11072202, -0.15925229,
       -0.11813911, -0.22773632,  0.1230974 ]), array([ 0.14431658, -0.76961596, -0.24365672, -0.2609938 ,  0.00445241,
       -0.02982005,  0.99617413, -0.92629783]), array([-0.66361148,  0.35953393,  0.8756559 , -0.10364931, -0.26052423,
       -0.24302112,  0.1488435 ,  0.94924683]), array([-0.0452157 ,  0.4359807 ,  0.19797395, -0.49169363, -0.99535471,
       -0.20685279,  0.51552709,  0.35536098]), array([ 0.68125114, -0.45571032, -0.00873941,  0.66783133,  0.29831553,
        0.49699554, -0.30846003,  0.10539823])]",2.6831775665283204
2,52,"[array([-0.58700118, -0.93448012, -0.25937548, -0.86615925,  0.86276142,
       -0.95085129, -0.46382811, -0.37813456,  0.01202796,  0.15862494,
       -0.09004685, -0.48893881, -0.79068207, -0.26886809]), array([ 0.77733071, -0.70569066,  0.88063034, -0.67775606,  0.3858969 ,
        1.55226826,  0.91735109, -0.0502704 , -0.96672675,  0.03351944,
       -0.93951159, -0.84581863,  1.87589034,  0.96243054]), array([-0.01013539, -1.8290359 , -0.89720545,  0.49531097, -0.70160018,
       -0.95505165,  0.00822093, -0.82679848, -0.99249223,  0.21273479,
        0.36619286,  0.3306799 ,  0.61197088, -0.05600572]), array([-0.1421735 ,  0.22777531, -0.93807371, -0.2738742 ,  1.58192808,
        0.76381169,  0.6789942 , -0.27210309,  0.84749023,  0.01296151,
       -0.4611563 ,  0.32525022, -0.41862809, -0.20698776]), array([-0.33985638,  0.96787653, -0.06095538,  0.29311405,  0.4903744 ,
       -0.00930604,  0.26262537, -0.43178554,  0.05222115, -0.28231145,
       -0.28647725,  0.22249099, -0.29293254, -0.69636075]), array([ 0.58211248,  0.08109661,  0.13761869,  0.99040607, -0.20298112,
        0.77381661, -0.17480962, -0.09485897,  0.72216031,  0.67352303,
        0.88756119,  0.97305471,  0.2639651 ,  0.99523145])]","[array([-1.42241516,  0.13400361,  0.26227558, -0.43541515, -1.57497786,
       -0.31809471,  0.52026879, -1.30775011,  0.49943723, -0.22199725,
        0.40785839, -0.29559927,  0.65384111, -0.62019122]), array([-0.4422867 , -0.62979874,  0.53393448, -0.91093405, -0.28103139,
       -0.53510346, -0.67536769,  0.25111745, -0.22024599,  2.30514535,
        0.33277928,  0.51291294,  0.02014068,  0.56353711]), array([-0.42794364, -0.58546144,  0.80947361,  0.62355176,  1.76216484,
        0.18191928,  0.45129051,  0.64296302, -0.2378173 , -0.28592512,
       -0.61924546, -0.30448069,  0.21309921, -0.42915675]), array([-0.99215167, -0.77940862, -0.12876609, -0.07234846, -0.05909985,
        0.03968768, -0.77224714,  0.6867984 ,  0.78972182, -0.04895188,
        0.9361163 , -0.2153948 , -0.39709033, -0.7893476 ]), array([ 1.89483799e-01,  8.03539347e-01,  9.79840038e-01, -7.22921269e-01,
       -9.34218081e-01, -7.89924785e-01, -5.82317965e-01, -9.00880129e-01,
        4.31547347e-01, -9.20062457e-01,  8.06768545e-01, -8.65421434e-02,
        8.21802016e-04,  4.46879930e-01]), array([-0.75914313,  0.0361136 ,  0.23982118,  0.93664246,  0.28450395,
       -0.86860654,  0.33544915, -0.87194284, -2.09864049,  0.88236117,
        1.47715891,  0.5671263 ,  0.05785899, -0.8025171 ]), array([-0.51910198,  0.11496306,  0.54054486, -0.80575004, -0.09294001,
       -0.71441809, -0.26257725, -0.05695058, -0.36687244,  0.91878407,
       -0.06224617,  0.41505171, -0.44965485,  0.19846582]), array([-0.66891594,  0.63650994,  0.59554086,  0.44304158,  0.93038165,
       -0.02304141, -0.47709347,  0.51057118,  0.98119565,  0.47387275,
        0.92115124, -0.351842  , -0.6094564 , -0.44914272])]","[array([-0.36648654, -0.34594814, -1.46484574, -0.09641133, -0.46318017,
       -0.07097077, -0.34468567, -0.35932544]), array([ 0.8685341 , -0.42371301,  0.27718331,  0.53209562, -0.16078036,
       -0.95981072, -0.84188027,  0.27734298]), array([-0.06090809,  0.96217734,  0.99290055, -0.62197942,  0.89831463,
       -0.80115589, -0.22754198,  0.25528335]), array([ 0.99718789, -0.12972726, -0.52398001,  0.36515444,  0.40721757,
       -0.54666776,  0.79693432, -0.25054979]), array([-1.05725734, -0.14204299,  0.48345116,  0.58516202,  0.05190205,
        0.69566676, -0.66013301,  0.70198947]), array([ 0.62323988,  0.23302941, -0.97826494,  0.26762345, -0.41344815,
       -0.34182344, -0.34855525, -0.69422738]), array([-0.32313824,  0.49547751,  0.5918625 , -0.21407813, -0.52646242,
       -0.07123297, -0.19666406,  0.64771104]), array([ 0.25349667,  0.42220194,  0.55859601, -0.53425017,  0.5125234 ,
       -0.08415882, -0.51940484, -0.4803005 ]), array([-0.65244329,  0.79817542,  0.57938905,  0.29301212,  0.09647746,
        0.9602439 ,  0.22068087,  0.33419093]), array([ 0.18171122,  0.95009415, -0.83717974,  0.46840867,  0.51164909,
        0.7539856 ,  0.41352791,  0.79265487]), array([ 0.69679121, -1.36565846, -0.63716211, -0.48486011,  0.9169526 ,
       -0.20375116,  1.11431368,  0.29201866]), array([-0.50951163,  2.43185975,  0.85646549,  0.70279262, -0.41242155,
        0.88938064, -0.9779735 ,  0.9258445 ]), array([-0.40082368, -0.53392267,  0.00413389, -0.08574344, -0.57655117,
        0.66246418, -0.32569244, -0.07659253]), array([-0.75857737, -0.67772135,  0.1219893 ,  0.35009983,  0.23106042,
        0.91942053, -0.65612221, -0.30265557])]",-0.7771150588989257
2,53,"[array([-0.98104396, -0.90500502,  0.82262383, -0.03710824,  1.66181897,
       -0.45040519,  0.94489447,  0.27900042,  0.5997785 , -0.21952336,
        0.72411564, -0.94656724,  0.14461628,  0.14029518]), array([-0.17887881, -0.0640045 ,  0.84801757, -0.40537226, -0.0728178 ,
       -0.02025955,  0.55463514, -0.10184623,  0.38884284,  0.40858728,
       -0.0172841 , -0.73835979, -0.87606774, -0.52783836]), array([ 0.71135412,  0.54389681, -0.34881549,  0.71234486, -0.5591314 ,
       -0.12132612, -0.20055978,  0.28512143, -0.52122053,  0.40291771,
       -0.36341473, -0.73884504, -0.26914925, -0.85233709]), array([-0.50256723,  0.17529928,  0.52985759, -0.89861543, -0.8725594 ,
        0.9019859 ,  0.68768317, -0.36724534, -0.46745244,  0.93871914,
       -1.39135685, -0.15396301, -0.51005325,  0.05583516]), array([-0.7009783 , -0.5829777 , -0.08846921,  0.52594002,  0.12554693,
        0.41335027, -0.91331607, -0.32850118,  0.85599234,  0.6419541 ,
       -0.61013664, -0.32442381,  0.80923713,  0.53750699]), array([ 0.66680036, -0.09110619,  0.44529317,  0.34712781, -0.29796193,
        0.29228861,  0.77598417, -0.53716873,  0.87378363,  0.00172796,
        0.50563712,  0.69428916, -0.38864021, -0.16739107])]","[array([ 0.13933759, -0.68772731,  0.56589287,  0.32695285,  0.06127326,
       -0.531846  ,  0.91361606,  0.93079618, -0.25205098, -0.94914513,
       -0.8181429 ,  0.1247868 , -0.39108875,  0.29710975]), array([-0.71000053, -0.66346779, -0.04156637,  0.35060359,  0.10190729,
       -0.25296887,  0.41517528,  0.50482404, -0.05734567,  0.16847171,
       -0.04027184, -0.24104631,  0.73135586,  0.92790295]), array([-0.55755172, -0.10125731, -0.45488683, -0.53826849,  0.5946167 ,
       -0.55524883,  0.26499666, -0.68920452, -0.75822094,  0.46227158,
       -0.64901496, -0.18645291,  0.55130357,  0.08453495]), array([-0.33418781,  1.0648517 ,  0.67839047,  0.2808995 ,  0.1950774 ,
       -0.27027575, -0.02806174, -0.92553552,  0.65471203, -0.94115972,
       -0.73449476, -0.89040029, -0.04956137, -0.96013743]), array([ 0.42198773,  0.10029261,  0.11592382, -0.10879778, -0.39139635,
       -0.39096232, -0.5232567 , -1.48932112,  0.92207856, -0.46049752,
       -0.41934259, -0.75877318,  0.93515579,  0.8676082 ]), array([-0.64374559,  0.69161554, -0.98676123, -0.69346501, -0.35100304,
       -0.09669224,  0.73491764, -0.53579846, -0.99355478,  0.68737202,
        0.59880649,  0.67802915,  0.27412698, -0.95846076]), array([-0.70791199,  0.40879907, -0.96591834, -0.92982713,  0.04990937,
       -0.30093918,  0.5884636 , -0.60257422, -0.29210734,  0.88037685,
        0.0338927 , -0.58651857, -0.36937264, -0.86369216]), array([-0.27989338,  0.90155269,  0.83418138, -0.95464766, -0.29220845,
       -0.59594792, -0.49886953, -0.86734748, -0.90380045, -0.58688052,
       -0.77519201,  0.34900372,  0.70868751,  0.62664235])]","[array([-0.06104154, -0.70695225, -0.92671827,  0.86898364, -0.31352553,
       -0.6868264 ,  1.08686552, -0.84816944]), array([ 0.00291422, -0.07607448, -0.94140465,  0.82996617,  0.59759111,
        0.43869356,  0.38676622, -0.44033693]), array([-0.24920106,  0.201464  , -0.75208024,  0.00513176, -0.81390193,
        0.41773256,  0.45196813, -0.39424396]), array([-0.14156258,  0.37289924, -0.25410953, -0.61994089, -0.79806817,
       -0.933556  ,  0.96176075, -0.89004136]), array([ 0.18783235,  0.9317445 ,  0.19440753, -0.63756514, -0.49743561,
       -0.11286346,  0.75165733, -0.48793648]), array([-0.97060121, -0.78586812, -0.80979608, -0.77445004,  0.76736446,
        0.15605382,  0.70953316, -0.85105113]), array([-0.72401657, -0.99627136, -0.53476546,  0.84542966,  0.06177232,
       -0.39301835,  0.8021971 , -0.89957126]), array([ 0.40333037, -0.01899284, -0.01767188,  0.81130598, -0.91770353,
       -0.36637898,  0.38160889,  0.99528143]), array([-0.4227267 ,  0.07081005, -0.66804999, -0.60531021, -0.56690186,
        0.76647021, -0.40362441, -0.21475099]), array([-0.265649  , -0.07585897, -0.80322483,  0.14134457,  1.37352159,
       -0.14716678, -0.19847904, -0.33826398]), array([-0.98316918,  0.37468165,  0.62802584, -0.15066107,  0.80942042,
       -0.28132369,  0.42320728,  0.19214685]), array([-0.72634268, -0.88603676, -0.95586338, -0.09511043, -0.21009615,
       -0.3231976 ,  0.41263888,  0.3951391 ]), array([-0.49839273,  0.76673221, -0.4952517 , -0.49954137, -1.51224783,
       -0.77946731,  0.95719135,  0.96302285]), array([-0.88059111, -0.53644944,  0.08538712,  0.29949719, -0.50288309,
        0.34963123,  0.05209881, -0.23968887])]",-0.29033670425415037
2,54,"[array([-0.5579063 ,  0.15973608,  0.9990156 ,  0.56663143,  0.76304662,
        0.84313414,  0.15454419, -0.56736251,  0.00863889, -0.81006285,
       -0.37151138, -0.39844778,  0.25914692,  0.11860898]), array([-0.6825843 ,  0.47139864,  0.54765109,  0.86109834,  0.13560556,
        0.41033768,  0.26600417,  0.00846891,  0.10626781,  0.49121442,
        0.78293673,  0.91463268, -0.08593293,  0.6917688 ]), array([ 0.11360643, -0.54055663, -0.56078593,  0.20354169, -0.00293286,
       -0.79285892,  0.71156944,  0.61528361,  0.03221443, -0.80508558,
       -0.24148047, -0.11684403,  1.35015906,  0.0297889 ]), array([ 0.60322041, -0.99220399,  0.87250199, -0.12605665,  0.69136362,
        0.63623108, -0.88485983, -0.79298215,  0.13105036, -0.8485944 ,
       -0.06551713,  0.56696896, -0.75322289, -0.96514241]), array([ 0.63243679, -0.1749919 ,  0.4753771 , -0.83618495,  0.78754513,
       -0.83126849, -0.13646689,  0.0633131 ,  0.46098258, -0.15460909,
       -0.00580018,  0.62670133,  0.79189426,  0.89937859]), array([-0.08037005, -0.77690517, -0.64678277,  0.42118161,  0.30042862,
        0.17295886, -0.4693994 , -0.90694196, -0.82462963, -0.81321152,
        0.91732719,  0.86409374,  0.73003337,  0.94519656])]","[array([-0.5567136 , -0.20796585,  0.29821208, -0.02538539, -0.38067906,
        0.3989871 , -0.30222114, -0.6721764 ,  0.11673556,  0.41885925,
       -0.12305415, -0.32480588, -0.15677531,  0.13065322]), array([-0.2485657 ,  0.08535763,  0.28634837,  0.9376223 ,  0.92530001,
       -0.18413816, -0.0444082 , -0.79202775,  0.7752738 ,  0.96140247,
       -0.23635847,  0.89401832, -0.52565774, -0.54731064]), array([ 0.57400359, -0.01226557,  0.96142364,  0.50722245,  0.01139005,
        0.34465067,  0.6181166 , -0.05270424,  0.36310999,  0.0598051 ,
       -0.24472708,  0.88392331,  0.08331482, -0.66824859]), array([ 0.52361101, -0.87367199, -0.28458577,  0.31969907, -0.00226919,
        1.03002901,  0.30190176,  0.29058421, -0.95744958, -0.35276199,
       -0.37309965, -0.38229791,  0.19998825, -0.32485612]), array([ 0.818593  , -0.44536721, -0.6470964 ,  0.56057508, -0.15257349,
        0.85777968,  0.99653778,  0.51881203,  0.04995035,  0.27152173,
        0.38627416,  0.56755618,  0.70475716,  0.1619808 ]), array([ 0.05122872,  0.23902457, -0.28955909,  0.32322773,  0.68289497,
        0.16364259, -0.00627326,  0.93507848, -0.085466  ,  0.20992198,
       -0.93037482,  0.01632968, -0.52165787,  0.86989438]), array([-0.92169154,  0.37512907, -0.02618665, -0.56341654,  0.19156523,
       -0.060423  ,  0.89698124,  0.02218579,  0.18156308,  0.02980811,
       -0.80855805, -0.72638684, -0.58754833, -0.54610314]), array([ 0.15571593, -0.64805989,  0.58849625,  0.50651306, -0.08615955,
        0.88222103, -0.8476834 ,  0.91179097,  0.10206775,  0.3353697 ,
       -0.31249726, -0.66775416,  0.14890299, -0.34048056])]","[array([-0.69306213,  0.57030225, -0.68273044, -0.3107405 , -0.2154483 ,
        0.01452463, -0.87987559, -0.94179652]), array([ 0.25884129, -0.29675365,  0.60122576,  0.47231487,  0.83300392,
        0.80275179, -0.41293039,  0.82122176]), array([ 0.49821969, -0.10897212,  0.33541624, -0.78309462, -0.8151648 ,
       -0.9778912 , -0.77353816, -0.54750338]), array([ 0.20991379, -0.19435201,  0.27827932, -0.002973  ,  0.74535522,
        0.53274725,  1.65047291,  0.80225167]), array([ 0.72670304,  0.51704056, -0.62895905, -0.24075905, -0.14166546,
       -0.01271361, -0.20521228, -0.39988276]), array([-0.52022977, -0.38623487, -0.1886595 ,  0.76568801, -1.07044848,
        0.5651371 ,  0.00213743,  0.94405692]), array([-0.34934791,  0.6153579 ,  0.17412258, -0.2988376 , -0.43114985,
       -0.95096559,  0.04182728, -0.47213711]), array([ 0.288444  , -0.75657419, -0.43295779,  0.29812672,  0.75248395,
       -0.36606399,  0.28120783, -0.48367789]), array([-0.23056652,  0.21973108,  0.91748463, -0.88713936,  0.59794152,
       -0.14301805, -0.71346972, -0.90112712]), array([ 0.39866142,  0.45342048, -0.9812426 , -0.4021043 ,  3.10385853,
        0.59075787,  0.99064367,  0.36698394]), array([ 0.34824178, -0.79051576,  0.1157094 ,  0.87795217, -0.583027  ,
        0.77158139,  0.15964687, -0.17898615]), array([-0.27683648, -0.43291998,  0.97037875, -0.87867332,  0.80373679,
        0.68889243, -0.63693096, -0.46047466]), array([-0.77271676, -0.25256498,  0.55792465,  0.56445082,  0.02286426,
       -0.71488564, -0.68155309, -0.39036211]), array([ 0.64983416, -0.13994916,  0.05831166, -0.04696511,  0.48850314,
        0.74209096,  0.57943117,  0.77574432])]",-0.48313589096069337
2,55,"[array([ 0.33650325,  0.58055536, -0.07169497,  0.0436259 ,  0.76364414,
       -0.19576377,  0.80650707, -0.40047397,  0.01781803, -0.89191796,
        0.9926331 , -0.47535892, -1.30319605,  0.09469216]), array([-0.82728263, -0.63154031, -2.41890324,  0.52570179, -0.25525608,
        0.3961785 , -0.2560705 , -0.48182005,  0.17069483, -0.77702613,
       -0.45519373,  0.17401052, -0.87067382,  0.68814601]), array([ 0.52177794,  0.5004414 , -0.26564277, -0.15231464,  0.7523023 ,
        0.89441182, -0.23495435, -0.92455351, -0.53945527, -0.97081125,
       -0.29886202,  0.38457057,  1.50042496,  0.72344643]), array([-0.56841766, -0.08757109, -0.69133963, -0.60170127, -0.12426407,
        0.96076582,  0.29944759,  0.83174063, -0.27517654,  0.17217127,
        0.95698931,  0.05119183, -0.52951945,  0.03516083]), array([-0.89732098, -0.51856659, -0.63477991, -0.42805114,  1.06645448,
        0.16402719,  0.12122109, -0.52220948,  0.12574489, -0.91574597,
       -1.21510557, -0.58617771, -0.16700677,  0.27537736]), array([-0.11271071,  0.37287372,  0.16049211, -0.06537291, -0.43090327,
       -0.03172674, -0.41145871,  0.79993423,  0.76210615,  0.28267328,
        0.24143241, -0.68355421,  0.61222814, -0.62923681])]","[array([-0.59584762,  0.31926251,  0.77927921, -0.67945966, -0.07576039,
        0.39556505, -0.76300911, -0.76296263,  0.02497644, -0.11090975,
        0.84421362, -0.29458446, -0.72571218, -0.63115156]), array([-0.96929459,  0.89618414, -0.01413131,  0.07198413, -0.58901546,
        0.38336154,  0.52324651,  0.40100527,  0.64059535, -0.36755279,
       -0.38548427, -0.74098623, -0.75828973, -0.96906518]), array([-0.85861545,  0.59006419, -0.17986995, -0.28388296, -0.39268423,
        0.21488196,  0.12587179, -0.14144017, -0.34617083, -0.09038159,
       -0.29855811, -0.83965676,  0.43843944, -0.60221795]), array([-0.94410281,  0.78578108,  0.05518063, -0.37049027,  0.49963043,
        0.70907127,  0.77797667,  0.20083223, -0.67127983, -0.38975311,
       -0.03779711,  0.16700897, -0.52624136, -0.30096957]), array([ 0.81527309, -0.14096387, -1.39838146, -0.76765926, -0.7905133 ,
       -0.92863427, -0.10386607, -0.56314684, -0.02892415, -0.61561737,
       -0.3965524 ,  0.82744477, -0.275337  ,  0.18475815]), array([-1.02073276,  0.47484211, -0.14502088, -0.36052728, -0.06071334,
        0.36868431,  0.45882399,  0.5360053 ,  0.60614083, -0.70065344,
        0.63044807,  0.62201167, -0.59071747, -0.37197011]), array([-0.46016404, -0.17466518,  0.02699636, -0.34888903,  0.93437418,
       -0.23454414, -0.92541496, -0.96676991,  0.80913444, -0.31377098,
        0.01011463,  0.71592201,  0.61560894,  0.03442982]), array([ 0.97139531,  0.94678818,  0.31662185,  0.26951784,  0.99548667,
        0.61707676,  0.46565118,  0.01934977,  0.75908449, -0.15794718,
       -0.16987485,  0.35818194, -0.62600898, -0.86401406])]","[array([-0.69306213,  0.57030225, -0.68273044, -0.3107405 , -0.2154483 ,
        0.01452463, -0.87987559, -0.94179652]), array([ 0.25884129, -0.29675365,  0.60122576,  0.47231487,  0.83300392,
        0.80275179, -0.41293039,  0.82122176]), array([ 0.49821969, -0.10897212,  0.33541624, -0.78309462, -0.8151648 ,
       -0.9778912 , -0.77353816, -0.54750338]), array([ 0.20991379, -0.0607604 ,  0.27827932, -0.002973  ,  0.74535522,
        0.53274725,  1.65047291,  0.80225167]), array([ 1.13741182,  0.51704056, -0.62895905, -0.24075905, -0.14166546,
       -0.01271361, -0.20521228, -0.39988276]), array([-0.52022977, -0.38623487, -0.16041134,  0.76568801, -1.00131922,
        0.5651371 ,  0.00213743,  0.94405692]), array([-0.34934791,  0.6153579 ,  0.17412258, -0.1040602 , -0.43114985,
       -0.95096559, -0.166717  , -0.47213711]), array([ 0.288444  , -0.75657419, -0.43295779,  0.29812672,  0.75248395,
       -1.03625536,  0.28120783, -0.48367789]), array([-0.09129179,  0.21973108,  0.91748463, -0.88713936,  0.59794152,
       -0.12495461, -0.71346972, -0.90112712]), array([ 0.39866142,  0.45342048, -0.9812426 , -0.4021043 ,  3.10385853,
        0.59075787,  0.65972019,  0.36698394]), array([ 0.14346294, -0.79051576,  0.02011051,  0.87795217, -0.583027  ,
        0.77158139,  0.15964687, -0.17898615]), array([-0.27683648, -0.43291998,  0.97037875, -0.87867332,  0.80373679,
        0.68889243, -0.63693096, -0.46047466]), array([-0.77271676, -0.25256498,  0.55792465,  0.56445082,  0.02286426,
       -0.71488564, -0.52257457, -0.39036211]), array([ 0.64983416, -0.13994916,  0.05831166, -0.04696511,  0.48850314,
        0.4319867 ,  0.57943117,  0.77574432])]",-0.8679149627685547
2,56,"[array([-0.40709841, -0.7011314 , -0.84532962,  0.42347579, -0.50629515,
       -0.81616995, -0.29576615, -0.36443589, -0.35355282,  1.48685504,
       -0.23697092, -0.28347763, -0.64443661,  0.3725699 ]), array([-0.0364766 ,  0.78204415,  0.79957674, -0.43841443, -0.09178552,
       -0.6096997 ,  0.18123485,  0.76627015, -0.95093954,  0.18852118,
       -0.94855511,  0.60405457,  0.99797858,  0.64945101]), array([-0.73972403,  0.73738184, -0.65110712,  0.80577816,  0.78344031,
       -0.04854461,  0.47091652, -0.10905346,  1.41031796, -0.80871474,
        0.19215889, -0.33180772, -0.70454519, -0.10968614]), array([ 0.28935473,  0.44779167,  0.60826988, -0.05143003, -0.93564569,
        0.33217051,  0.73651906, -0.25652516,  0.94170891, -0.05567858,
       -0.89364841, -0.63902669,  0.23472549, -0.75206561]), array([ 0.98143942,  0.0011241 , -0.47935911,  0.88971199,  0.85110273,
       -0.87191313, -0.89684794,  0.65246323,  0.85306696,  1.0968366 ,
        0.3196809 , -0.6580496 ,  0.50945448,  0.24633505]), array([ 0.31868115,  0.68340084, -0.90383171,  0.88097552,  0.97724622,
        0.99695652, -0.23642026, -0.51338138,  0.87737338,  0.63908338,
       -0.30624076,  0.43811247, -0.31128472, -0.86319809])]","[array([ 0.54395753, -0.79564402, -0.46470437, -0.49215324,  0.88274102,
       -0.25319037,  0.7707857 ,  0.90421565,  0.94447183,  0.75795441,
       -0.12305415, -0.32480588, -0.15677531,  0.08841834]), array([-0.6658418 ,  0.08535763,  0.28634837,  0.9376223 ,  0.92530001,
       -0.18413816, -0.0444082 , -0.79202775,  0.7752738 ,  0.96140247,
       -0.23635847,  0.65438003, -0.52565774, -0.54731064]), array([ 0.57400359, -0.01226557,  0.96142364,  0.50722245,  0.01139005,
        0.55589809,  0.6181166 , -0.05270424,  0.36310999,  0.0598051 ,
       -0.24472708,  0.88392331,  0.08331482, -0.44040699]), array([ 0.52361101, -0.87367199, -0.28458577,  0.31969907, -0.00226919,
        1.03002901,  0.70871955,  0.29058421, -0.95744958, -0.35276199,
       -0.37309965, -0.65524773,  0.19998825, -0.32485612]), array([ 0.818593  , -0.44536721, -0.6470964 ,  0.56057508, -0.15257349,
        0.85777968,  0.99653778,  0.33187073,  0.04995035,  0.27152173,
        0.38627416,  0.56755618,  0.70475716,  0.1619808 ]), array([ 0.05122872,  0.23902457, -0.28955909,  0.54077   ,  0.68289497,
        0.16364259, -0.00627326,  0.93507848, -0.085466  ,  0.20992198,
       -0.93037482,  0.01632968, -0.52165787,  0.86989438]), array([-0.92169154,  0.37512907, -0.02618665, -0.56341654,  0.19156523,
       -0.060423  ,  0.89698124,  0.02218579,  0.18156308,  0.01848386,
       -0.36815947, -0.72638684, -0.58754833, -0.46891023]), array([ 0.15571593, -0.64805989,  0.58849625,  0.53374478, -0.08615955,
        0.88222103, -0.8476834 ,  0.91179097,  0.10206775,  0.3353697 ,
       -0.31249726, -0.66775416,  0.14890299, -0.34048056])]","[array([-0.69306213,  0.57030225, -0.68273044, -0.3107405 , -0.2154483 ,
        0.01452463, -0.87987559, -0.94179652]), array([ 0.25884129, -0.29675365,  0.60122576,  0.47231487,  0.83300392,
        0.80275179, -0.41293039,  0.82122176]), array([ 0.49821969, -0.10897212,  0.33541624, -0.78309462, -0.8151648 ,
       -0.9778912 ,  0.19855674, -0.54750338]), array([ 0.20991379, -0.19435201,  0.27827932, -0.002973  ,  0.74535522,
        0.53274725,  1.65047291,  0.80225167]), array([ 0.72670304,  0.51704056, -0.62895905, -0.24075905, -0.14166546,
       -0.01271361, -0.20521228, -0.39988276]), array([-0.52022977, -0.38623487, -0.1886595 ,  0.76568801, -1.07044848,
        0.5651371 ,  0.00213743, -0.40164631]), array([-0.34934791,  0.6153579 ,  0.17412258, -0.2988376 , -0.43114985,
       -0.95096559, -0.02462146, -0.47213711]), array([ 0.67490511, -0.75657419, -0.43295779,  0.29812672,  0.75248395,
       -0.36606399,  0.28120783, -0.48367789]), array([-0.23056652,  0.21973108,  0.91748463, -0.88713936,  0.59794152,
       -0.12495461, -0.71346972, -0.90112712]), array([ 0.32499727,  0.45342048, -0.9812426 , -0.4021043 ,  3.10385853,
        0.59075787,  0.99064367,  0.36698394]), array([ 0.14346294, -0.79051576,  0.1157094 ,  0.87795217, -0.583027  ,
        0.77158139,  0.15964687, -0.17898615]), array([-0.27683648, -0.43291998,  0.97037875, -0.87867332,  0.80373679,
        0.68889243, -0.63693096, -0.46047466]), array([-0.77271676, -0.25256498,  0.55792465,  0.56445082,  0.02286426,
       -0.55621569, -0.13327922, -0.39036211]), array([ 0.64983416, -0.11166017,  0.05831166, -0.04696511,  0.48850314,
        0.55947554,  0.57943117,  0.77574432])]",0.17405147552490235
2,57,"[array([-0.5579063 ,  0.19582626,  0.9990156 ,  1.15792184,  0.76304662,
        0.84313414,  0.15454419, -0.56736251,  0.00863889, -0.81006285,
       -0.37151138, -0.39844778,  0.25914692,  0.11860898]), array([-0.6825843 ,  0.47139864,  0.54765109,  0.86109834,  0.13560556,
        0.41033768,  0.26600417, -0.01258009,  0.10626781,  0.49121442,
        0.78293673,  0.91463268, -0.08593293,  1.07579114]), array([ 0.11360643, -0.54055663, -0.56078593,  0.37873512, -0.00293286,
       -0.79285892,  0.71156944,  0.61528361, -0.09338642, -0.80508558,
       -0.24148047, -0.11684403,  0.48372071,  0.0297889 ]), array([ 0.60322041, -0.99220399,  0.87250199, -0.12605665,  0.61436062,
        0.63623108, -0.88485983, -0.79298215,  0.13105036, -0.8485944 ,
       -0.06551713,  0.56696896, -0.75322289, -0.21420325]), array([ 0.63243679, -0.1749919 ,  0.4753771 , -0.83618495,  0.78754513,
       -0.83126849,  0.72895828,  0.05693133,  0.46098258, -0.15460909,
       -0.00580018,  0.35104435,  0.11204443,  0.89937859]), array([-0.08037005, -0.77690517, -0.64678277,  0.42118161, -0.40016493,
        0.17295886, -0.4693994 , -0.26264651, -0.82462963, -1.06426598,
        0.15246106,  0.86409374,  0.73003337,  0.94519656])]","[array([-0.5567136 , -0.20796585,  0.29821208, -0.02538539, -0.38067906,
        0.3989871 , -0.30222114, -0.6721764 ,  0.11673556,  0.41885925,
       -0.70982353,  0.95852627,  0.46541598, -0.80485655]), array([-0.57441489, -0.89451824, -0.94680769, -0.17300128,  0.11800372,
       -0.22298223, -0.06204003,  0.80793023, -0.88074104,  0.01943968,
        0.61945075,  0.59193906,  0.00256736, -0.71856274]), array([ 0.12237742, -0.15517035, -0.50589624,  0.81497475, -0.31553563,
       -0.3377009 , -0.12898028, -0.91750263,  0.43411898, -0.83863282,
       -0.83753606,  0.45096729, -0.82434679,  0.23136955]), array([-0.55676192,  0.52801406, -0.40815614,  0.71258979, -0.22727486,
       -0.89674338, -0.92911717, -0.62354543, -0.4908645 ,  0.54645563,
       -0.10252721, -0.8891377 ,  0.58692711, -0.52268845]), array([-0.84466763,  0.87898298,  0.04728377, -0.28093653, -0.40500346,
       -0.58822797, -0.48812249,  0.37487569,  0.39101899,  0.77224644,
        0.69047006, -0.18512889,  0.85822135, -0.2042325 ]), array([ 0.2449236 ,  0.26201647,  0.54336859, -0.50858531,  0.03423148,
        0.55286678, -0.99845951, -0.95818928, -0.5268973 ,  0.12517992,
       -0.30126419,  0.82601757,  0.96149546,  0.00734947]), array([ 0.31889079, -0.15284964, -0.76938156, -0.35407397,  0.49255957,
       -0.69617094, -0.68531152,  0.10872696,  0.29845817, -0.30895417,
       -0.61614561,  0.14663963, -0.77308809,  0.67208644]), array([-0.92567397,  0.14500039, -0.54233699, -0.47284635, -0.64236766,
        0.16643891,  0.04636865,  0.65279024, -0.83344236, -2.79105257,
        0.00664965, -0.38830211, -0.20037917,  0.19771327])]","[array([ 0.86494148,  0.22182041,  0.20724   , -0.95726248, -0.76804543,
       -0.97853581,  0.94068661, -0.97943794]), array([ 0.50352632, -0.37777653, -0.23059455,  0.26151413,  0.58166039,
       -0.42129169,  0.2109331 , -0.51255524]), array([-0.89658988,  0.58924606,  0.52622762, -0.86309705, -0.48803105,
        0.04449449,  0.00171055, -0.33613183]), array([-0.73045813, -0.33176201,  0.51149818,  0.48971332,  0.75645023,
        0.49217586,  0.32236348,  0.18557914]), array([ 0.64335913,  0.94427211, -0.9036094 , -0.47748347,  0.06308338,
       -0.67959397,  0.04619116, -0.14632342]), array([ 0.12136893, -0.71297281, -0.02143608,  0.92609294, -0.7792696 ,
       -0.1022654 , -0.33802735, -0.13367104]), array([-0.26950731, -0.66685875, -0.84572916, -0.09957616,  0.23364585,
       -0.57040967,  0.3455574 ,  0.63783053]), array([-0.5111583 , -0.78862404, -0.78094329,  0.34754602,  0.12467307,
        0.27708208,  0.61933652,  0.36555652]), array([-0.30882774,  0.75794235, -0.43262363,  0.74681287, -0.43034081,
        0.17461163, -1.04699857, -0.62603995]), array([-0.84696094, -0.11527141, -0.75450506, -0.14104347, -0.47718943,
        0.28875023,  0.19117871, -0.1783358 ]), array([ 0.50060471, -0.37149271,  0.58263496, -0.26302549,  0.72695729,
        0.01705306, -0.13971384, -0.75012935]), array([ 0.41162687, -0.04207686, -0.10727118,  0.2203778 , -0.81362386,
       -0.60652494, -0.31971526, -0.468357  ]), array([ 0.40178749, -1.09210796, -0.81534754,  0.3380665 ,  0.01959099,
        0.43968692, -0.62283254,  0.82806653]), array([-0.43161652, -0.42433008, -0.72692809, -0.14511111,  0.02249796,
        0.05264192,  0.65552784,  0.83821249])]",1.9383455276489259
2,58,"[array([-0.77200705,  0.48267136, -0.64473307, -0.40839638,  0.97763639,
       -0.25821926, -0.91917748, -0.45847648, -0.10506257,  0.91618337,
        0.48377139, -0.55660381, -0.01642269, -0.61566214]), array([ 0.09048036, -0.78632987, -0.18806474,  0.60357921,  0.65399258,
        0.89719452, -0.11387384,  0.45702398,  0.11107482, -0.83494931,
        0.06568018,  0.90465063, -0.088063  , -0.96098824]), array([ 0.6055804 ,  0.51392755, -0.09323946, -0.51141427, -0.15345746,
        0.10555229,  0.4377626 ,  0.44006229,  0.04691325, -0.4607893 ,
       -0.96018197, -0.36176314, -0.24408417, -0.28850298]), array([-0.79188641,  0.82058336,  1.49294583, -0.41394636,  0.0511082 ,
        0.933104  ,  0.23752808, -0.3248081 ,  0.26850992, -0.95526388,
        0.53173636,  0.25209619, -0.87120917,  0.40314118]), array([ 0.45290698, -0.1215841 ,  0.40241987, -0.51168951,  0.29190003,
        0.93506592, -0.02679191,  0.45055816, -0.50691734, -1.20594011,
       -0.46440035, -0.71334768, -0.0749185 ,  0.15509642]), array([-0.23654867, -0.85184644, -0.36997218, -0.15669152,  0.92101101,
       -0.00626858, -0.77064332, -0.86416137, -0.30560187, -0.05527477,
        0.21214626,  0.83550519, -0.92777301, -0.21906438])]","[array([-0.38606195, -0.37594283,  0.82282259,  0.29569959, -0.02019359,
        1.62999999,  0.56097254, -0.74454299, -0.40774665, -0.57038302,
       -0.600681  , -0.87896244,  0.80785548,  1.28999713]), array([ 1.19196416,  0.2708438 ,  0.02458105,  0.92524195,  0.45292817,
       -0.02754561, -0.7378126 , -0.0488615 , -0.05734567,  0.16236277,
       -0.04027184, -0.24104631,  0.02014068,  0.56353711]), array([-0.42794364, -0.58546144,  0.80947361,  0.62355176,  0.84983732,
        0.18191928,  0.45129051,  0.64296302, -0.2378173 , -0.28592512,
       -1.51511569, -0.30448069,  0.21309921, -0.42915675]), array([-0.99215167, -0.77940862, -0.12876609, -0.07234846, -0.05909985,
        0.03968768, -0.77224714,  0.6867984 ,  0.78972182, -0.04895188,
        0.9361163 , -0.2153948 , -0.39709033, -0.7893476 ]), array([ 1.89483799e-01,  8.03539347e-01,  9.79840038e-01, -7.22921269e-01,
       -9.34218081e-01, -7.89924785e-01, -5.82317965e-01, -9.00880129e-01,
        4.31547347e-01, -9.20062457e-01,  7.71534986e-01, -8.65421434e-02,
        8.21802016e-04,  4.46879930e-01]), array([-0.75914313,  0.0361136 ,  0.23982118,  0.93664246,  0.85163666,
       -0.86860654,  0.33544915, -0.87194284, -1.20087298,  0.88236117,
        1.47715891,  0.5671263 , -0.05359226, -0.8025171 ]), array([-0.51910198,  0.11496306,  0.25684357, -0.80575004, -0.09294001,
       -0.71441809, -0.26257725,  0.01962181, -0.36687244,  0.91878407,
       -0.06224617,  0.41505171, -0.44965485, -0.1834027 ]), array([-0.66891594,  0.63650994,  0.59554086,  0.44304158,  0.93038165,
       -0.02304141, -0.47709347,  0.51057118,  0.98119565,  0.47387275,
        0.92115124, -0.351842  , -0.6094564 , -0.77029557])]","[array([-0.30547077, -0.95026589, -0.80580182, -0.09641133, -0.46318017,
       -0.07097077, -0.34468567, -0.35932544]), array([ 0.8685341 , -0.42371301, -0.04641395,  0.53209562, -0.16078036,
       -1.77582728, -0.84188027,  0.27734298]), array([-0.27595727,  1.40857733,  2.32704605, -0.62197942,  0.89831463,
       -0.80115589, -0.11472029,  0.99455197]), array([ 0.99718789, -0.12972726, -0.52398001,  0.36515444,  0.74006023,
       -0.95982751,  0.79693432, -0.25054979]), array([-0.86709141, -0.14204299,  0.48345116,  0.58516202,  0.05190205,
        0.69566676, -0.66013301,  0.70198947]), array([ 0.70676732,  0.23302941, -0.97826494,  0.26762345, -0.41344815,
       -0.34182344, -0.34855525, -0.69422738]), array([-0.41539283,  0.49547751,  0.5918625 , -0.21407813, -0.52646242,
       -0.07123297, -0.23958978,  0.5959721 ]), array([ 0.2689536 ,  0.42220194,  0.55859601, -0.53425017,  0.5125234 ,
       -0.06938332, -0.51940484, -0.4803005 ]), array([-0.65244329,  0.79817542, -0.97584898,  0.29301212,  0.09647746,
        0.9602439 ,  0.22068087,  0.33419093]), array([ 0.18171122,  0.95009415, -0.83717974,  0.46840867,  0.51164909,
        0.7539856 ,  0.41352791,  0.79265487]), array([ 0.69679121, -1.36565846, -0.63716211, -0.48486011,  0.9169526 ,
       -0.18412805,  0.9247468 ,  0.31108185]), array([-0.33559052,  1.31125038,  0.85646549,  0.70279262, -0.41242155,
        0.88938064, -0.61766054,  0.9258445 ]), array([-0.40082368, -0.53392267,  0.00413389, -0.06547569, -0.57655117,
        0.66246418, -0.32569244, -0.07659253]), array([-0.75857737, -0.67772135,  0.1219893 ,  0.35009983,  0.23106042,
        0.91942053, -0.63499733, -0.30265557])]",-0.7165042877197265
2,59,"[array([-0.98104396, -1.03308715,  0.82262383, -0.03710824,  0.75172422,
       -0.45040519,  0.94489447,  0.27900042,  0.5997785 , -0.16521016,
        0.72411564, -0.94656724,  0.14461628,  0.14029518]), array([-0.17887881, -0.0640045 ,  0.84801757, -0.40537226, -0.0728178 ,
       -0.02025955,  0.55463514, -0.10184623,  0.38884284,  0.40858728,
       -0.05427422, -0.73835979, -1.0213951 , -0.52783836]), array([ 0.71135412,  0.54389681, -0.34881549,  0.71234486, -0.5591314 ,
       -0.16386996, -0.20055978,  0.28512143, -0.52122053,  0.40291771,
       -0.36341473, -0.75386002, -0.26914925, -0.85233709]), array([-0.50256723,  0.17529928,  0.52985759, -0.89861543, -0.8725594 ,
        0.67151338,  0.68768317, -0.36724534, -0.46745244,  0.93871914,
       -1.39135685, -0.15396301, -0.51005325,  0.05583516]), array([-0.7009783 , -0.5829777 , -0.08846921,  0.52594002,  0.12554693,
        0.41335027, -0.91331607, -0.32850118,  0.83698904,  0.6419541 ,
       -0.61013664,  0.64480931,  0.80923713,  0.53750699]), array([ 0.66680036, -0.09110619,  0.99781593,  0.12781042,  0.04509266,
        0.29228861,  0.97861591, -0.53716873,  0.87378363,  0.00172796,
        0.50563712,  0.69428916, -0.38864021, -0.16739107])]","[array([ 0.13933759, -0.68772731,  0.56589287,  0.32695285,  0.06127326,
       -0.531846  ,  0.91361606,  0.93079618, -0.25205098,  0.37024694,
       -0.8181429 ,  0.1247868 , -0.39108875,  0.29710975]), array([-0.71000053, -0.66346779,  0.71087243,  0.49917653,  0.10190729,
       -0.25296887,  0.41517528,  0.50482404, -0.9080699 , -0.7308619 ,
       -0.877585  , -0.8745702 ,  0.05519359,  0.76230176]), array([ 0.42751801, -0.57969772, -0.7002633 ,  0.75682807, -0.65512331,
       -0.97765373, -0.95760265,  0.69671906, -0.0742913 ,  0.08489588,
        0.03342772,  0.1523799 ,  0.5705285 , -1.04292714]), array([ 0.02172616, -0.70098899,  0.17447089, -0.85389511,  0.36496136,
        0.1961026 , -0.93581839,  0.87714077,  0.11926655,  0.26037872,
        0.9804781 ,  0.32717611,  0.28635104,  1.20529071]), array([-0.41616399, -0.20755903, -0.92281661,  0.50535423, -0.76004665,
       -0.6148245 ,  0.63651027,  0.638125  ,  0.93968995,  0.62318343,
        1.79347521,  0.07840884,  0.97887167,  0.03141698]), array([ 0.42562521,  0.49729995,  0.38986157,  0.63336776,  0.10377776,
       -0.47352735,  0.01965046, -0.95227133,  0.20206498,  0.51482629,
       -0.82233495, -1.09284623, -0.04790252, -0.83263458]), array([-0.81019828,  0.37464883, -0.85783254,  0.92866551,  0.25443852,
       -0.80828441,  0.16355462, -0.60667114, -0.15575764, -0.31737173,
        0.1796798 ,  0.6106914 ,  0.1299031 , -0.56060926]), array([-0.06355669,  0.37808615,  0.79490191,  0.57338873,  0.09374359,
       -0.55762076,  0.21869305,  0.70757328,  0.0836941 , -0.88888605,
       -0.65160395,  0.21495586, -0.14964155,  0.21041106])]","[array([-0.1346831 ,  0.02700376,  0.10759521,  0.84812796, -0.1985512 ,
        0.43494634,  0.90595095, -0.92021886]), array([ 0.37605483, -0.5004226 , -0.10112602, -0.94849313, -0.63034222,
        0.91111408, -0.65152552,  1.54853141]), array([-0.42494487,  0.03470829, -0.60532144, -0.86630956,  0.02369181,
        0.32339054, -0.20391728, -0.56158322]), array([-0.16187666, -0.21048677, -0.58527218, -0.51360118, -0.23991996,
       -0.67731395, -0.12691482, -0.07668839]), array([-0.13972783, -0.62702645, -0.59628297, -0.405575  , -0.61845119,
        0.96143515,  0.75058783,  0.0766217 ]), array([-0.67599528, -0.19712612, -0.78965996,  0.53964199, -0.09801864,
        0.91511165,  0.49543541,  0.78112083]), array([-0.1101194 , -0.59030429, -1.04000747, -0.82414665,  0.15103927,
        0.47817121, -0.21196992, -0.70447488]), array([ 0.71822217,  0.5297179 ,  0.38253598, -0.114177  , -0.41977045,
       -0.12363714, -0.18340235, -0.39244013]), array([-0.72108045,  0.85454889, -0.1976192 , -0.20182519, -0.31558113,
        0.56543963,  0.4275105 , -0.46404346]), array([ 0.10233801,  0.82560952,  0.88481292,  0.39092482,  0.5016491 ,
        0.89037779, -0.26052041, -0.2556482 ]), array([ 0.04415228, -0.86295186,  0.87341206,  0.23013036,  0.79801269,
        0.28483948, -0.6066749 ,  0.6325305 ]), array([-0.18103125,  0.59824372, -0.1874055 , -0.9259172 ,  0.80527733,
        0.75460677,  0.61547243, -0.7176786 ]), array([ 0.14602655,  0.14097159,  0.86089983,  0.71038033,  0.45223745,
        0.00634793,  0.99022897, -0.05716492]), array([ 0.50227411, -0.6679824 , -0.49280905,  0.04758964,  0.78754256,
       -0.20738184,  0.21862574, -0.20626443])]",0.44551620483398435
2,60,"[array([ 0.78535043,  0.80799189,  0.55431418,  0.71080211, -0.55665547,
       -0.67885267, -0.64052252, -0.63259348, -0.97069794,  0.86009889,
       -0.91258087,  0.58834285,  0.31970789, -0.2272719 ]), array([ 0.84071253, -0.96444301,  0.6196521 ,  0.89074682,  1.45191539,
       -0.64500021, -0.43609534, -0.07424249, -0.22664649,  0.25200186,
       -0.75296086,  0.59431138, -0.18660313, -0.83155664]), array([-0.86082134,  0.46426031, -0.25941451,  0.86539552,  0.75005427,
       -0.48302709, -0.41388521,  0.50947963, -0.40966114, -0.32597541,
        0.00534799,  0.48215022, -0.06434985,  0.10745404]), array([ 0.29086862,  0.66679435,  0.50884289,  0.38070049,  0.69033875,
       -0.19086854,  0.84597156, -0.67281542, -0.93774913,  0.016582  ,
        0.46699266, -0.87268993,  0.17698136, -0.53325865]), array([ 0.9518652 ,  0.28894939, -0.64648676, -0.47297985, -0.40451946,
        0.65898905,  0.42460027, -0.31137613, -0.93254773, -0.17615912,
        0.3276985 ,  0.87918169,  0.21333199, -0.11301849]), array([ 0.85224759, -0.90670455, -0.30991056, -0.96360696, -0.62131529,
        0.10953481, -0.63494471,  0.47632791,  0.74669059, -1.13161688,
        0.37774327, -0.25525504,  0.32240585,  0.33446587])]","[array([ 0.92195963, -0.41145197,  0.9554641 , -0.85292071,  0.63370157,
       -0.72354381,  0.14467989, -0.29994084,  0.81233122,  0.16402183,
        0.93738631, -0.81713881, -0.9202052 , -0.80591257]), array([-0.00441222, -0.85733241,  0.97817386, -0.29437174,  0.29882278,
        0.896634  , -1.07035092, -0.58823671,  0.24602851, -0.36122655,
        0.02349222, -0.83883069, -0.17024916, -0.06237569]), array([-0.63029047, -0.86051544,  0.0198665 , -0.06387598, -0.37471989,
        0.52743544,  0.47534694, -0.2319273 , -0.35312639,  0.59865637,
        0.13402814, -0.78800193,  0.20282681, -0.25692311]), array([-0.68184365, -0.87697345, -0.950171  , -0.93327516, -0.56233707,
        0.50383288, -0.3164581 ,  0.49722466, -0.42904293, -0.58213   ,
       -0.18610021,  0.12491531, -1.94709448, -0.88213514]), array([ 0.82118753,  0.87553019,  0.83514082,  0.71201116, -0.56894618,
        0.08312138,  0.04458444, -0.83038665, -0.63980791, -0.49974401,
        0.21981459, -0.90775883,  0.6157572 ,  0.87318091]), array([ 0.1595675 ,  0.12319286, -0.39046592, -0.84609871,  0.38293649,
       -0.37619534, -0.82335112,  0.78739232,  0.43718712, -0.56374291,
       -0.46364781, -0.68222055,  0.64240642,  0.55252614]), array([ 0.20323759,  0.37212937, -0.09566777, -0.83967101, -0.95654344,
        0.08114201, -0.85832341, -0.04302988, -0.47716239, -1.44722804,
       -0.68151338, -0.22322936,  0.29109413, -0.36526303]), array([ 0.67007367, -0.96377644,  1.88416382, -0.16331896, -0.17629356,
       -0.42978169,  0.52630941,  0.70248722, -0.09320657,  0.03786455,
        0.43271204,  0.89707272,  0.22335873, -0.97962434])]","[array([ 0.40061421, -0.45683577,  0.86192504,  0.26023116, -0.04720576,
       -0.72029538,  0.00673284,  0.10588228]), array([ 0.15658511,  0.80487042, -0.03269072, -0.75631263,  0.8894438 ,
        0.24770865,  0.03022587,  0.86382867]), array([-0.20819508,  0.45516592, -0.49747674, -0.03481647,  0.11779416,
       -0.68311775,  0.42874173,  0.26182772]), array([ 0.80922   , -0.56499587,  0.6728656 ,  0.39802171,  0.61658666,
        0.76777755,  0.49843706,  0.78416343]), array([ 0.59676566,  0.77718898,  0.47011638, -0.99238639, -0.73120278,
       -0.62482278,  0.23058605, -0.76716363]), array([-0.72373354, -0.19408639,  0.66190487,  0.11755393,  0.05349523,
        0.53944909, -0.14825994,  0.31625318]), array([-0.8735086 , -0.61294244, -0.74326566, -0.26974597,  0.56457589,
        0.16094487,  0.14260682,  1.26271598]), array([-0.48247864,  0.35056831,  0.57746206, -0.08539742,  0.11248115,
       -0.42170354, -0.59065008, -0.44693035]), array([ 0.7023521 ,  0.12314326,  0.54872597,  0.27821258,  0.02474942,
        0.29712203, -0.56515965, -0.91732225]), array([-0.62393192,  0.98474816,  0.59476789,  0.44967847, -0.06590823,
        0.9508298 , -0.22114806, -0.87784072]), array([-0.85281346,  0.06497373, -0.40306955, -0.26804594, -0.70553036,
        0.03885918,  0.47463172, -0.45299307]), array([-0.71327084, -0.2712975 ,  0.65392234, -0.10859396,  0.192305  ,
        0.18489814,  0.26300397, -1.34273856]), array([-0.97395348,  0.13482831, -0.43528021,  0.82150178, -0.59373499,
        0.9307463 , -0.59276758,  0.92803352]), array([ 0.08183393,  0.73424586, -0.237372  ,  0.200068  ,  0.09728322,
        1.22657744, -0.66956475, -0.1278872 ])]",2.672194004058838
2,61,"[array([ 0.78535043,  0.80799189,  0.55431418,  0.71080211, -0.55665547,
       -0.67885267, -0.64052252, -0.63259348, -0.97069794,  1.75190694,
       -0.91258087, -0.1965365 ,  0.31970789, -0.55246148]), array([ 0.84071253, -0.96444301, -0.31949248,  0.89074682,  0.99267074,
       -0.64500021, -0.43609534, -0.07424249, -0.22664649,  0.36960175,
       -0.75296086,  0.44982458, -0.09918711, -0.83155664]), array([-0.86082134,  0.46426031, -0.25941451,  0.86539552,  0.41083297,
       -0.48302709, -0.41388521,  0.58339732, -0.40966114, -0.32597541,
        0.00534799,  0.48215022, -0.06434985,  0.10745404]), array([ 0.29757307,  0.66679435, -0.5469628 ,  0.30233091,  0.69033875,
       -0.19086854,  0.84597156, -0.3330642 , -0.25962495,  0.10721131,
        0.46699266, -0.87268993,  0.17698136, -0.53325865]), array([ 0.9518652 ,  0.28894939, -0.64648676, -0.47297985, -0.40451946,
        0.65898905,  0.20573003, -0.31137613, -0.93254773, -0.17615912,
        0.13039872,  0.87918169,  0.21333199, -0.11301849]), array([ 0.85224759, -0.90670455, -0.30991056, -1.90504489, -0.62131529,
        0.10953481, -0.63494471,  0.36678357,  0.09831697, -0.58075692,
        0.43735429, -0.25525504, -0.29563325,  0.33446587])]","[array([ 0.92195963, -0.41145197,  0.14206927, -2.35248205,  0.63370157,
       -0.72354381,  0.14467989, -0.29994084,  0.81233122,  0.16402183,
        0.93738631, -0.81713881, -0.9202052 , -0.80591257]), array([-0.13831394, -0.85733241,  0.97817386,  0.0871351 ,  0.29882278,
        0.896634  , -0.79371966, -0.58823671,  0.24602851, -0.36122655,
       -0.08786332, -0.83883069, -0.17024916, -0.20986572]), array([-0.63029047,  0.59006419, -0.13291467, -0.28388296, -0.39268423,
        0.21488196,  0.12587179, -0.14144017, -0.34617083, -0.8119954 ,
       -0.28542675, -0.83965676,  0.43843944, -0.96530822]), array([-0.94410281,  1.54733184, -0.19045625, -0.36771226,  0.49963043,
        0.70907127,  0.77797667,  0.12744469, -0.37151763, -0.38975311,
       -0.03779711,  0.16700897, -0.52624136, -0.30096957]), array([ 0.81527309,  0.37417954,  0.87359531, -0.48395809,  0.4806661 ,
       -0.32396845,  0.00615995, -0.92875293, -0.69004968, -0.58079307,
       -0.84442308, -0.03369881, -0.07328021, -0.20285765]), array([-0.86858423, -0.56038064,  0.01248057,  0.32050489, -0.08830095,
       -0.70104369,  0.33597203,  0.58188849, -0.82218582, -0.56277159,
       -0.09004011,  0.50458689, -0.73506589, -0.38552969]), array([ 0.05174885,  1.60171564, -0.28550948, -0.06466848, -0.67063704,
        0.21209859, -0.39731076,  0.31711187,  0.54173847, -0.26507061,
       -0.3316606 ,  0.94848298, -0.27065013, -0.11021853]), array([ 0.09837756,  0.45451248, -0.92200891,  0.11408776,  0.13481012,
        0.38573376, -1.56499013, -0.79479775, -0.07819238,  0.70150566,
       -0.1047481 ,  0.78991226,  0.51803839, -0.72488975])]","[array([ 0.19796021,  0.2681403 , -0.56333342,  0.1491822 , -0.22762611,
       -0.01588332,  0.3481422 ,  0.11843312]), array([ 0.31318596,  0.4345594 , -0.10786292,  0.64765312, -0.33186955,
        0.10193755,  0.71340846,  0.09869026]), array([ 0.41277258,  0.28342424, -1.49037437, -0.47666693, -0.48558676,
        0.14249438, -1.228991  ,  0.4058389 ]), array([-0.9176777 , -0.53357729, -0.51700245, -0.62558757, -0.27707305,
        0.89195257,  0.01305573, -0.61628932]), array([ 4.82447881e-01,  3.56725729e-02,  4.80365804e-01,  7.02913790e-01,
       -9.59851381e-01, -1.08010902e-01, -2.50059037e-04,  7.90904961e-01]), array([ 1.34111192,  0.24061492,  0.43290312, -0.32405324,  0.25936646,
        0.09865949,  0.40260519, -0.18925254]), array([-0.50962637, -0.14502825, -0.16232889, -0.30600966, -0.26774469,
        0.07724529,  0.49199382, -0.3645999 ]), array([ 0.62750241, -0.47823704,  0.10272217,  0.04702928,  0.31759123,
        0.71579248, -0.6008916 ,  0.6640447 ]), array([ 0.32476459,  0.74601597, -0.82515768,  0.69713868, -0.25245185,
        0.07984177,  0.66314693,  0.93310319]), array([-0.36048859, -0.07187197,  0.8659543 ,  0.85515588,  0.38836392,
       -0.51128443, -0.67493554, -1.83512552]), array([ 0.3322995 ,  0.47956732,  0.21607633, -3.18086988,  0.69057796,
       -0.74352822,  0.93547695, -0.19732879]), array([ 0.30184252, -0.40441197,  0.42241965,  0.03201784,  0.06029218,
        0.80672403, -0.51361345, -0.37856274]), array([ 0.34951437, -0.73352238, -0.58134036, -0.89597132,  0.31834645,
        0.1852848 ,  0.10825943,  0.64861331]), array([-0.93327717, -0.9930547 ,  0.61062261,  0.4251131 , -0.01442181,
        0.52328356, -0.37990913,  0.75369841])]",-0.8405458450317382
2,62,"[array([ 0.79058061,  0.03760336, -0.0419861 ,  0.63122367, -0.30030908,
        0.68411233,  0.08263409,  0.36145015,  0.55311427, -0.57898312,
        0.66095661,  0.28411918,  0.07767734, -0.74125235]), array([-0.47617251, -0.40821775,  0.89105124,  0.71111431, -0.00176999,
        0.00339074, -0.52572511, -0.73927159,  0.3695983 , -0.16179598,
       -0.72980175, -0.44587758, -0.16746993, -0.6858658 ]), array([ 5.78479521e-01, -4.97063561e-01,  2.08161491e-01, -4.01717137e-01,
        1.57241774e-02,  4.40822991e-01, -3.44647362e-01,  2.23915653e-01,
        2.90872860e-01, -2.43101364e-01, -8.34125353e-01, -6.26524662e-01,
        6.32771974e-04, -3.63015626e-01]), array([ 0.59092781, -0.890029  ,  0.74787942, -0.50784154,  0.60994225,
        0.99576676, -0.53408677, -1.32592459, -0.95783945, -0.22885729,
       -0.09062926, -0.91656949,  0.98856876,  0.8807001 ]), array([-0.58598357,  0.40828017, -0.31525253,  0.25983407, -0.84153067,
       -0.33108726, -0.31912954,  0.22468684,  0.93857764,  0.17370024,
       -0.52515281,  0.46683693, -0.99985046,  0.52085311]), array([-0.61639594,  0.54531353, -0.1105109 ,  0.48844517, -0.22131192,
       -0.89699024,  0.43231   , -0.35239087, -0.0936798 ,  0.40975125,
        0.87391717,  0.80024127,  0.35803076,  0.44895989])]","[array([-0.60789839,  0.40559532,  0.7913954 ,  0.15606781,  0.8967832 ,
        0.94476674, -0.80796043, -0.44397144,  0.1973363 , -0.84716186,
       -0.08949763, -0.56868867, -0.1407784 ,  0.16843132]), array([ 0.28295452,  0.97110667,  0.59766311, -0.19684931, -0.44449041,
       -0.54355224,  0.51605147,  0.16992157, -0.73641448, -0.6256719 ,
       -0.19887702, -0.53195238,  0.86142397, -0.65456082]), array([-0.2084627 ,  0.51374786,  0.62775889, -0.33074592,  0.52877413,
       -0.67789284,  0.3595706 ,  0.49479278,  0.45792268, -0.62386696,
        0.15101828, -0.20018972,  0.7408462 , -0.35274154]), array([-0.33051005, -0.1588869 ,  0.64272839, -0.58523825, -0.24685238,
       -0.80618562,  0.96293001,  0.67379755,  0.23734001, -0.47147414,
       -0.27361045, -0.6420425 ,  0.30009774, -0.20526498]), array([ 0.65196589, -0.5245706 , -0.52541717,  0.01387011, -0.24074335,
        0.5278507 , -0.2277081 , -0.0961743 ,  0.09361925, -0.95037339,
       -0.05504944,  0.15819988,  0.80202983,  0.79679379]), array([ 0.26902733, -0.33443777,  0.86112876, -0.1163551 ,  0.27290341,
        0.9661336 , -0.31620659, -0.89719906,  0.62833388, -0.64412553,
        0.2955507 ,  0.38896382,  0.60188532, -0.68358496]), array([ 0.73868052, -0.88050372, -0.98422714, -0.74519395,  0.32766809,
        0.33933721, -0.45423361,  0.73647725, -0.77277645,  0.45888504,
        0.98703376, -0.78564256,  0.06581867, -0.69647318]), array([ 0.74533583,  0.31270667, -0.48851573, -0.09610976, -0.79841079,
        0.02645704,  0.62164989, -0.08946963, -0.58840871,  0.27033581,
        0.57333836,  0.13681905,  0.24746249, -0.00478884])]","[array([-0.79669561,  0.77142289, -0.14758505, -0.72907152, -0.59635853,
       -0.35627006,  0.65986406, -0.965256  ]), array([ 0.88630133, -0.41693974, -0.97178597, -1.47967302, -0.41589421,
       -0.6599122 ,  1.41610886, -0.72215061]), array([-0.87845536,  0.56054982, -0.83685693,  0.75880472, -0.69818342,
        0.88855325,  0.19557789,  0.56695866]), array([-0.91811881, -0.13294746,  0.48040153,  0.8568258 ,  0.03033999,
       -0.43875738,  0.67461068,  0.16543032]), array([ 0.2678893 ,  0.11793548, -0.92142502,  0.48180406,  0.32177417,
        0.06528754,  0.24718682, -0.59450277]), array([ 0.92955443,  0.24979719,  0.96728194,  0.92468584, -0.20844324,
       -0.88185298, -0.68336394,  0.82569543]), array([-0.02164863,  0.48850107, -0.86862161,  0.17889885,  0.43692694,
       -0.15058728, -0.31153728,  0.92204944]), array([-0.81329165,  0.38907378, -0.92520541,  0.14999386,  0.24237149,
       -0.64831906,  0.6014215 ,  0.16635863]), array([-0.31291707, -0.51868108,  0.00389562, -0.90569298, -0.49736576,
       -0.49070403, -0.89715288, -0.57896321]), array([ 0.71646694, -0.54987859,  0.2856521 , -0.35673588, -0.27676352,
        1.12795897,  0.01743903, -0.42421304]), array([-0.40995689, -0.30873087,  0.43472909,  0.89229992,  0.93517807,
       -0.99454308,  0.76535587,  0.13007868]), array([ 0.34462963,  0.52084219, -0.79357676, -0.88663215,  0.07164104,
        0.57297914,  0.10417807,  0.36544553]), array([-2.97294391,  0.50262201,  0.91253134, -0.16070261, -0.79056024,
       -0.57481633,  1.52494882,  0.26633765]), array([ 0.7882119 , -0.80165033, -0.68211392, -0.74781387, -0.50469567,
        0.57704891,  0.45509848, -0.37370295])]",2.1997987747192385
2,63,"[array([-0.98104396, -0.90500502,  0.82262383, -0.03710824,  0.75172422,
       -0.45040519,  0.94489447,  0.27900042,  0.5997785 , -0.21952336,
        0.72411564, -1.88433269,  0.14461628,  0.14029518]), array([-0.17887881, -0.0640045 ,  0.84801757, -0.40537226, -0.0728178 ,
       -0.02025955,  0.55463514, -0.10184623,  0.38884284,  0.40858728,
       -0.05427422, -0.73835979, -0.87606774, -1.23658979]), array([ 0.71135412,  0.54389681, -0.34881549,  0.71234486, -0.5591314 ,
       -0.16386996, -0.20055978,  0.28512143, -0.52122053,  0.40291771,
       -0.13244442, -0.73884504, -0.26914925, -0.85233709]), array([-0.50256723,  0.17529928,  0.52985759, -0.89861543, -0.8725594 ,
        0.9019859 ,  0.68768317, -0.36724534, -0.46745244,  0.93871914,
       -1.39135685, -0.15396301, -0.51005325,  0.05583516]), array([-0.7009783 , -0.5829777 , -0.08846921,  0.52594002,  0.12554693,
        0.41335027, -0.91331607, -0.32850118,  0.83698904, -0.0298261 ,
       -0.61013664,  0.64480931,  0.80923713,  0.53750699]), array([ 0.66680036, -0.09110619,  0.44529317,  0.34712781, -0.29796193,
        0.29228861,  0.97861591, -0.53716873,  0.87378363,  0.00172796,
        0.50563712,  0.69428916, -0.38864021, -0.16739107])]","[array([ 0.13933759, -0.68772731,  0.56589287,  0.32695285,  0.06127326,
       -0.531846  ,  1.53118438,  1.74007239, -0.25205098, -0.94914513,
       -0.8181429 ,  0.1247868 , -0.39108875,  0.29710975]), array([-0.71000053, -0.66346779,  0.71087243, -0.05159022,  0.10190729,
       -0.25296887,  0.41517528,  0.50482404, -0.06400195,  0.16847171,
       -0.04027184, -0.24104631,  0.02014068,  0.56353711]), array([-0.42794364, -0.58546144,  0.80947361,  1.37060695,  0.84983732,
        0.18191928,  0.45129051,  0.64296302, -0.2378173 , -0.28592512,
       -0.61924546, -0.30448069, -0.25279785, -0.42915675]), array([-0.99215167, -0.77940862, -0.12876609, -0.07234846, -0.05909985,
        0.03968768, -0.77224714,  0.6867984 ,  0.78972182, -0.04895188,
        0.9361163 , -0.2153948 , -1.25835766, -0.7893476 ]), array([ 1.89483799e-01,  8.03539347e-01, -9.39735061e-01, -7.22921269e-01,
       -9.34218081e-01, -7.89924785e-01,  3.21150400e-01, -9.00880129e-01,
        4.31547347e-01, -9.20062457e-01,  8.06768545e-01, -8.65421434e-02,
        8.21802016e-04,  4.46879930e-01]), array([-0.75914313,  0.0361136 ,  0.23982118,  0.93664246,  0.28450395,
       -0.86860654,  0.33544915, -0.87194284, -1.20087298,  0.88236117,
        1.47715891,  0.5671263 , -0.05359226, -0.8025171 ]), array([-0.51910198,  0.13266365,  0.25684357, -0.80575004, -0.02137594,
       -0.71441809, -0.26257725, -0.18306272, -0.36687244,  0.91878407,
       -0.06224617,  0.41505171, -0.44965485,  0.19846582]), array([-0.66891594,  0.63650994,  0.59554086,  0.44304158,  0.93038165,
       -0.02304141, -0.47709347,  0.51057118,  0.98119565,  0.47387275,
        0.92115124, -0.351842  , -0.6094564 , -0.77029557])]","[array([-0.79669561,  0.77142289, -0.14758505, -0.72907152, -0.59635853,
       -0.41812934,  0.65986406, -0.965256  ]), array([ 0.56210797, -0.41693974, -0.97178597, -1.47967302, -0.41589421,
       -0.6599122 ,  1.41610886, -0.72215061]), array([-0.87845536,  0.64979014, -0.83685693,  0.75880472, -0.69818342,
        0.88855325,  0.67849274,  0.56695866]), array([-0.91811881, -0.13294746,  0.48040153,  0.8568258 , -0.56503595,
       -0.43875738,  0.65483715,  0.16543032]), array([ 0.2678893 ,  0.11793548, -0.92142502,  0.48180406,  0.32177417,
        0.06528754,  0.24718682, -0.59450277]), array([ 0.92955443,  0.24979719,  0.96728194,  0.92468584, -0.20844324,
       -0.88185298, -0.68336394,  0.82569543]), array([-0.02164863,  0.48850107, -0.86862161,  0.15155646,  0.30149409,
       -0.15058728, -0.31153728,  0.92204944]), array([-0.81329165,  0.38907378, -0.92520541,  0.14999386,  0.24237149,
       -0.64831906,  0.6014215 ,  0.16635863]), array([-0.31291707, -0.51868108,  0.00389562, -0.90569298, -0.49736576,
       -0.49070403, -0.89715288, -0.57896321]), array([ 0.71646694, -0.54987859,  0.2856521 , -0.65405622, -0.27676352,
        0.72748089,  0.04585823, -0.55241659]), array([-0.42759365, -0.30873087,  0.43472909,  0.89229992,  0.93517807,
       -0.99454308,  0.76535587,  0.13007868]), array([ 0.34462963,  1.13641057, -0.79357676, -0.88663215,  0.07164104,
        0.57297914,  0.10417807,  0.36544553]), array([-2.97294391,  0.50262201,  0.91253134, -0.16070261, -0.79056024,
        0.36291461,  1.52494882,  0.26633765]), array([ 0.43190592, -0.80165033, -0.68211392, -0.74781387, -1.52579472,
        0.57704891,  0.45509848, -0.37370295])]",-1.6697723388671875
2,64,"[array([-0.77200705,  0.48267136, -0.64473307, -0.40839638,  1.43214153,
       -0.25821926, -0.91917748, -0.45847648, -0.10506257,  0.91618337,
        0.48377139, -0.55660381, -0.01642269, -0.61566214]), array([ 0.09048036, -0.60262897, -0.62988403,  0.60357921,  0.65399258,
        0.89719452, -0.11387384,  0.45702398,  0.11107482, -0.83494931,
        0.06568018,  0.90465063, -0.088063  , -0.47340384]), array([ 1.77709332,  0.74109762, -0.09323946, -0.51141427,  0.57201281,
        0.10555229,  0.89679134,  0.44006229,  0.0369353 , -0.4607893 ,
       -0.96018197, -0.36176314, -0.24408417, -0.28850298]), array([-1.00659732,  1.07200812,  0.87755282, -0.41394636,  0.0511082 ,
        0.933104  ,  0.23752808, -0.3248081 ,  0.26850992, -0.95526388,
        0.53173636,  0.25209619, -0.87120917,  0.40314118]), array([ 0.45290698, -0.00172443,  0.40241987, -0.51168951,  0.29190003,
        0.93506592, -0.02299807,  0.45055816, -0.50691734, -1.20594011,
       -0.44272077, -0.71334768, -0.0749185 ,  0.15509642]), array([-0.16301981, -0.85184644, -0.36997218, -0.15669152,  0.92101101,
       -0.00626858, -0.77064332, -0.86416137, -0.30560187, -0.05527477,
        0.21214626,  0.52085892, -0.92777301, -0.21906438])]","[array([-0.38606195,  0.38635406,  0.82282259,  0.29569959, -0.02019359,
        0.70249899,  0.56097254, -0.74454299, -0.33338301, -0.57038302,
       -0.600681  , -0.87896244,  0.80785548,  1.28999713]), array([ 1.19196416,  0.31617979,  0.02458105,  0.92524195,  0.45292817,
       -0.03204413, -0.7378126 , -0.23033769, -0.9080699 , -0.7308619 ,
       -0.877585  , -0.8745702 ,  0.05519359,  0.76230176]), array([ 0.65363753, -0.57969772, -0.7002633 ,  0.75682807, -0.65512331,
       -0.97765373, -0.51195368,  0.69671906, -0.0742913 ,  0.08489588,
        0.03342772,  0.1523799 ,  0.5705285 , -1.04292714]), array([ 0.02172616, -0.70098899,  0.31057571, -0.85389511,  0.49882173,
        0.1961026 , -0.93581839,  0.87714077,  0.11926655,  0.26037872,
        0.9804781 ,  0.59769861,  0.28635104,  1.20529071]), array([-0.41616399, -0.20755903, -0.92281661,  0.50535423, -1.8839351 ,
       -0.60567966,  0.63651027,  0.638125  ,  0.93968995,  0.05632638,
        0.85004907,  0.27445299,  0.97887167, -0.00261325]), array([ 0.42562521,  0.49729995,  0.46351755,  0.63336776,  0.10377776,
       -0.47352735,  0.01965046, -0.95227133,  0.20206498,  0.51482629,
       -0.68181512, -0.52799509, -0.09969784, -0.83263458]), array([-0.81019828,  0.74915336, -0.85783254,  0.92866551,  0.25443852,
       -0.80828441,  0.16355462, -0.60667114, -0.15575764, -0.31737173,
       -0.57791632,  0.6106914 ,  0.1299031 , -0.56060926]), array([-0.06355669,  0.37808615,  0.79490191,  0.57338873,  0.06581522,
       -0.55762076,  0.21869305,  0.70757328,  0.0836941 , -0.88888605,
       -0.65160395,  0.21495586,  0.21539641,  0.21041106])]","[array([-0.13255249,  0.04201623,  0.08924953,  0.84812796, -0.1985512 ,
        0.43494634,  0.90595095, -0.92021886]), array([ 0.12061326, -0.5004226 , -0.10112602, -1.46485362,  0.13041911,
        0.91111408, -0.44567628,  1.54853141]), array([-0.42494487,  0.03470829, -0.60532144, -0.86630956,  0.02369181,
        0.82629424, -0.20391728, -0.59730903]), array([-0.16187666, -0.21048677, -0.86399944, -0.51360118, -0.23991996,
       -0.67731395, -0.12691482,  0.50061022]), array([-0.13972783, -0.62702645, -0.59628297, -0.405575  , -0.61845119,
        0.96143515,  1.34447668,  0.0766217 ]), array([-0.67599528,  0.84341338, -0.78965996,  0.470424  , -0.09801864,
        0.91511165,  0.49543541,  0.78112083]), array([-0.1101194 , -0.59030429, -0.40322466, -0.82414665,  0.15103927,
        0.47817121, -0.21196992, -0.70447488]), array([ 0.71822217,  0.5297179 ,  0.58303461, -0.114177  , -0.41977045,
       -0.12363714, -0.18340235, -0.39244013]), array([-0.72108045,  0.85454889, -0.1976192 , -0.20182519, -0.31558113,
        0.06069022,  0.4275105 , -0.46404346]), array([ 0.10233801,  0.82560952,  0.88481292,  0.39092482,  0.5016491 ,
        0.15151224, -0.26052041, -0.2556482 ]), array([ 0.04415228, -0.86295186,  0.87341206,  0.23013036,  0.79801269,
        0.28483948, -0.6066749 ,  0.6325305 ]), array([-0.18103125,  0.59824372, -0.1874055 , -0.9259172 ,  0.80527733,
        0.75460677,  0.61547243, -0.7176786 ]), array([ 0.14602655,  0.14097159,  0.86089983,  0.71038033,  0.45223745,
        0.02020884,  0.99022897, -0.27535592]), array([ 0.50227411, -0.6679824 , -0.49280905,  0.04758964,  0.78754256,
       -0.20738184, -0.24027578, -0.35732589])]",0.11358709335327148
2,65,"[array([-0.74376263, -0.70630947, -0.01058547,  0.99707166,  0.7787544 ,
        0.32230778,  0.99779049, -0.4792976 ,  0.94839875,  0.14112404,
        0.69148641, -0.61959291, -1.4147174 ,  0.02268947]), array([-0.49308651, -0.01462996, -0.49714937, -0.64541682, -0.0093971 ,
       -0.29828765, -0.00679677,  0.02309853, -0.86892709, -0.15763314,
        0.09984078, -0.05622402,  0.5091794 ,  0.68908951]), array([-0.69689132,  0.25311294, -0.31990684, -0.89222915,  0.53263485,
        0.75339591, -0.58832143, -0.7634151 , -0.07336801,  0.2472402 ,
        0.83314197,  0.32533484, -0.42526238, -0.91953793]), array([-0.9214822 ,  0.196152  , -0.27426626, -0.20701207,  0.10623296,
       -0.9201014 ,  0.28150702,  0.15482641,  0.48830998,  0.32239447,
        0.02183252, -0.71385466, -0.25010017,  0.68510601]), array([-0.01730412,  0.58382402, -0.63556427, -0.59235236, -0.34729322,
       -2.38026661, -0.01594913,  0.51899326, -0.44896074, -0.49879961,
       -0.26498641,  0.18721647,  0.52911301,  0.00295504]), array([ 0.5294336 ,  0.26897542, -0.64180454, -0.15102175, -0.72737406,
       -0.23238004, -0.41920443, -0.91653232, -0.75970805, -0.47459572,
        0.1212056 , -0.40105836,  0.59943695,  0.29625423])]","[array([ 1.62576149, -0.0948889 , -0.23371833,  0.06959942,  0.73430414,
       -0.8071738 ,  0.50242518,  0.79674322,  0.40360853,  0.5868099 ,
        0.54632349,  0.80615379,  0.80635639, -0.69502989]), array([-0.110745  ,  0.46594137,  0.56966859,  0.69870708, -0.49609459,
        0.50340703,  0.15682023,  0.59561851,  0.14314864,  0.89716035,
        0.06472824, -0.33894987,  0.80514087, -0.31260266]), array([-0.91528652,  0.61964212, -0.16264138, -0.9720281 , -0.03078159,
       -0.67334896,  0.79862075, -0.84719144, -0.03047052,  0.42893721,
       -0.7923376 ,  0.22502593, -0.20438551,  0.69136452]), array([-0.71841108, -0.53764421,  0.23690239, -0.25832276, -0.82961942,
       -0.05102649, -0.68150303,  0.41132668,  0.31779811, -0.98498566,
        1.39323619, -0.34596749,  0.49866294, -0.8422672 ]), array([-0.19543966,  0.57685486, -0.42444227, -0.03138096,  0.52592568,
       -0.94684477, -0.53487698, -0.48811299,  0.60673437,  0.39375619,
       -0.89788985,  0.68996833, -0.76349978, -0.26815215]), array([-0.72065786, -0.31549503, -0.61793576,  0.75875428, -0.12679199,
        0.25502423, -0.536958  ,  0.85368375, -0.16549828, -0.06559639,
       -0.15722267,  0.50292873, -0.98171593,  0.47997892]), array([ 0.10610389, -0.65940859,  0.8808195 ,  0.14341502, -0.98993895,
       -0.71846551, -0.83764704,  0.6266917 , -0.76579642,  1.95836707,
       -2.48331254,  0.70228887, -0.39440027,  0.2888906 ]), array([-0.98569051, -0.03256236,  0.32422726,  0.41354011, -0.63941904,
        0.71317267,  0.09540186, -0.07750987,  0.19635962, -0.30114452,
       -0.21473889, -0.95543777, -0.30983085, -0.19534396])]","[array([-0.13255249,  0.02700376,  0.10759521,  0.84812796, -0.1985512 ,
        0.43494634,  0.90595095, -0.92021886]), array([ 0.37605483, -0.5004226 , -0.10112602, -0.94849313, -0.63034222,
        0.91111408, -0.65152552,  1.54853141]), array([-0.40158327,  0.03470829, -0.61751134, -0.86630956,  0.02369181,
        0.32339054, -0.20391728, -0.59730903]), array([-0.16187666, -0.21048677, -0.58527218, -0.51360118, -0.23991996,
       -0.67731395, -0.3480432 ,  0.31095922]), array([-0.13972783, -0.62702645, -0.3800302 , -0.88147385, -0.61845119,
        0.96143515,  0.75058783,  0.0766217 ]), array([-0.67599528,  0.84341338, -0.78965996,  0.470424  , -0.09801864,
        0.91511165,  0.49543541,  0.78112083]), array([-0.1101194 , -0.59030429, -0.40322466, -0.82414665,  0.15103927,
        0.47817121, -0.21196992, -1.24535346]), array([ 0.71822217,  0.5297179 ,  0.38253598, -0.114177  , -0.41977045,
       -0.12363714, -0.18340235, -0.39244013]), array([-0.72108045,  0.85454889, -0.1976192 , -0.20182519, -0.31558113,
        0.56543963,  0.4275105 , -0.46404346]), array([ 0.10233801,  0.82560952,  0.88481292,  0.37982572,  0.5016491 ,
        0.89037779, -0.26052041, -0.2556482 ]), array([ 0.04415228, -0.86295186,  0.87341206,  0.23013036,  0.79801269,
        0.28483948, -0.6066749 ,  0.6325305 ]), array([-0.18103125,  0.59824372, -0.45033591, -0.9259172 ,  0.80527733,
        0.75460677,  0.61547243, -0.7176786 ]), array([ 0.14602655,  0.14097159,  0.86089983,  0.71038033,  0.45223745,
        0.02020884,  0.99022897, -0.27535592]), array([ 1.21912534, -0.6679824 , -0.49280905,  0.04758964,  0.78754256,
       -0.20738184, -0.24027578, -0.35732589])]",-0.2347646713256836
2,66,"[array([-0.19344539, -0.33095841, -0.66548287,  0.61451435, -0.86546246,
        0.18241703, -0.98041325, -0.27157227,  0.0593681 ,  0.07799501,
        0.32785451, -0.67339259,  0.18281205,  0.93438418]), array([-0.6871371 ,  0.19449172,  0.19374597,  0.03343854, -0.42043084,
       -0.54600502, -0.99911347,  0.07891019,  0.27047266,  0.35019205,
       -0.59415406, -0.31805219, -0.71612032,  0.73515029]), array([-0.98042442,  0.08605902,  0.25205736,  0.63085554,  0.42853463,
        0.51787958, -0.95068252,  0.18047795,  0.15690385, -0.0460389 ,
        0.99345555,  0.18068061, -0.42436969, -0.80651543]), array([ 0.63636148,  0.23792859, -0.42876613,  0.91154863,  0.30594867,
       -0.16272897,  0.06144488,  0.41043672, -0.16943853, -0.24470913,
        0.13164429, -0.67796992,  0.75107602,  0.2326642 ]), array([ 0.4876072 ,  0.30572997,  0.97224165, -0.63305587, -0.95978219,
        0.45765482, -0.93149758, -0.59427818,  0.61058502,  0.50603207,
        0.0881076 ,  0.10008714,  0.9227301 ,  0.83703972]), array([ 0.02869652, -0.30508088,  0.960938  , -0.66852374, -0.28763759,
       -0.74325027,  0.66929173, -0.52618218, -0.62215813, -0.48958724,
       -0.75581059, -0.41219884, -1.08736619, -0.25130088])]","[array([ 0.90585382, -0.65769081, -0.29027889, -0.9495381 , -0.45596885,
       -0.35346013,  0.80845784,  0.18765781, -0.16533402, -0.56418714,
        0.05738728,  0.60092552, -0.3930751 , -0.42344124]), array([-0.71200428, -0.87058717, -0.98520883,  0.20708117,  0.47269654,
        0.15656412,  0.95850335, -0.31673893, -0.52045972, -0.89157351,
       -0.16678908, -0.71662546,  0.15038052, -0.94748178]), array([-0.87206762, -0.33750054,  0.66877499, -0.10768151, -0.38410467,
       -0.5897943 ,  0.70690719, -0.36293614,  0.42393546,  0.81869557,
        0.6705831 ,  0.7148243 , -0.48720825,  0.90803466]), array([ 0.67759426, -0.8937628 ,  0.29008187,  0.01028562,  0.39348509,
       -0.03121465,  0.21238783,  0.13696528,  0.35913225, -0.48857671,
       -0.14413142,  0.35907455, -0.29534727, -0.73014719]), array([ 0.06770606, -0.03782154,  0.88998784, -0.24734047,  0.82871893,
       -0.41562193,  0.24934489, -0.9830972 , -0.89028661, -0.55871569,
        0.15485326,  0.32547625, -0.67618849, -1.15169282]), array([ 0.67831515, -0.53460766,  0.83053588,  0.89703463,  0.16923603,
        0.05093638,  0.78134183,  0.71297147, -0.3054923 ,  0.62888741,
       -0.60378866,  0.606328  , -0.80347735, -0.99652808]), array([-0.53885602,  0.450879  ,  0.4740455 ,  0.25945271,  0.63814169,
       -0.61901048, -0.85397992,  0.50059604,  0.06464639, -0.17655776,
       -0.5023418 ,  0.22749904,  0.84579033, -0.59410159]), array([ 0.73421483, -0.93258019, -0.33091589, -0.27610896,  0.84977004,
        0.49190734, -0.78842715, -0.66765885, -0.49031702,  0.44287568,
       -0.59993441, -0.58312356, -0.3981109 ,  0.30019799])]","[array([-0.17905391,  0.26082975,  0.37563278,  0.22864829,  0.45931545,
        0.28040823,  0.38962722, -0.99830211]), array([-0.59563569,  1.23697862,  0.54834834, -0.61310819,  0.70553847,
        0.76045492, -0.84618273,  0.29596483]), array([-0.86542074,  0.96047436,  0.7888158 ,  0.62746291,  0.14113566,
       -0.01481035,  0.75735663,  0.82356488]), array([ 0.06069072, -0.79601858,  0.2970694 , -0.44356801, -0.01213711,
        0.89694579, -0.41452008,  0.5770809 ]), array([ 0.02455859, -0.94939625,  0.53307186,  0.77815946, -0.10147112,
        0.27756213, -0.10671497,  0.74992184]), array([ 0.45208319, -0.42769814, -0.41980759,  1.18908826,  0.54036153,
        0.94982893, -0.69925329, -1.73940178]), array([-0.87852465, -0.46555644, -1.35151216, -0.75053507, -0.42348875,
        0.90633351,  0.33368878, -0.65039793]), array([-0.81510136,  0.84952092,  0.18316619,  0.59028899,  0.34273962,
        0.48438444, -0.11925085,  0.83297205]), array([ 0.71818801, -0.09416571,  0.43718208, -1.37193011, -0.42361005,
       -0.77986384, -0.00352517,  0.84170729]), array([-0.02420891,  0.9555369 , -0.8956568 ,  0.60672906,  0.60978362,
       -0.09930309, -0.21129036,  0.0855021 ]), array([ 0.74446201, -0.84153775,  0.80858713, -0.77683322, -0.50710722,
       -0.36547559, -0.5308525 , -0.48139381]), array([-0.8576219 ,  0.00936235, -0.40587552,  0.859969  ,  0.45115174,
       -0.11406901, -0.81483787, -0.81321258]), array([ 0.36433803, -0.77719869, -0.58314434, -0.13316563, -0.96445598,
       -0.42277846, -0.80845001,  0.76396449]), array([-0.42612426, -0.28247309, -0.74169681,  0.72989545, -0.80989367,
       -0.0744432 ,  0.35284306,  1.94475356])]",2.1879600524902343
2,67,"[array([ 0.27564007, -0.27784838, -0.62996686, -0.72753174,  0.16980547,
       -0.27855995,  0.30332451, -0.87717393, -0.94463927,  0.59231483,
       -0.37397023,  0.71122326,  0.24576346,  0.90324323]), array([-0.02499481, -0.98215653,  0.23073025, -0.34973183, -0.97746632,
       -0.47084097,  1.35808175, -0.82666009,  0.35410605,  0.44512316,
       -0.95311893, -0.9154669 ,  0.24728312,  0.7663527 ]), array([ 0.04431987,  0.1655728 , -0.37882053, -1.00876726,  0.89252562,
       -0.86384097, -0.49297154,  0.87918987, -0.82492909,  0.15156916,
       -0.69892767,  0.07427778, -0.94683881, -0.79108937]), array([ 0.52861218,  0.81000687,  0.74008759,  0.84165352,  0.99212468,
        0.14285865, -0.03705512,  0.04875386, -1.27739169,  0.97553218,
        0.43488399,  0.85822345, -0.53464916, -0.09510585]), array([ 0.55346733, -0.76900228, -0.04975787, -0.34296233,  0.45441363,
        0.36581708,  0.27009196,  0.22602938, -0.34071883, -0.95366474,
        0.29047581, -0.62013454,  0.09687434,  0.6227206 ]), array([-0.34926157,  0.54190748, -0.71241736,  0.09810639,  0.47082915,
        0.91529797, -0.12765674, -0.25263048,  0.25222352, -0.58924854,
        0.42815171,  1.27495374, -0.33618152, -0.83132347])]","[array([-1.08722683, -0.6475504 ,  0.23904305, -0.89733291, -0.01409249,
       -0.08618608, -0.39426789,  0.09727348,  0.34410106, -0.18378058,
        0.06605415,  0.32780127,  0.51948923,  0.65195641]), array([ 0.14727571, -0.7380074 , -0.90091365,  0.22341321,  0.93195711,
       -0.97205118, -0.14853809,  0.16097353,  0.5866476 ,  0.71472533,
       -0.92494472,  0.89045077, -0.87691687,  0.57396156]), array([ 0.12969085,  0.53304738,  0.13752745,  1.29585045,  0.18661063,
        0.58703549, -0.37428428, -0.50427009, -0.30804566,  0.20533705,
       -0.48895526, -0.4228624 ,  0.53149939, -0.58400385]), array([ 0.35758184,  0.71706327,  0.84772074,  0.4077626 ,  0.58748775,
        0.56966969,  0.62289406,  1.18403485, -0.087714  ,  0.25318046,
       -0.6760396 ,  1.37207828,  0.0807064 ,  0.22506615]), array([-0.63314242, -0.21556726, -0.7060393 , -0.75818798,  0.63732208,
        0.18399001, -0.59047806,  1.49025333,  0.70928031, -0.3895561 ,
        0.02785611, -0.41385146, -0.37938411, -0.56988969]), array([-0.12113801, -0.12743802, -0.4816178 ,  0.82167606,  0.6382117 ,
       -0.20529704,  0.17244027, -0.16459315,  0.08587772, -0.28776762,
       -0.24994289,  0.62845585, -0.1976565 , -0.30636736]), array([ 0.0667992 , -0.31117632, -0.3141369 ,  0.78968967,  2.41072014,
        0.63837997, -0.98088001,  0.75053423,  0.43649823,  0.58127181,
        0.19291916, -0.21929753, -0.19774117, -0.80421585]), array([-0.50662615,  0.75777524,  0.65014449, -0.22175752, -1.35774772,
        0.6272426 ,  0.05268897, -0.25566044, -0.46537139,  0.01744913,
        0.78065217, -0.06478294, -0.03816806, -0.78244462])]","[array([-0.80119343, -1.15138171, -0.88177691,  0.32747366, -0.39495552,
       -0.18329353,  0.31656822, -0.66669619]), array([-0.36719173,  0.33073962, -0.22465078,  0.96687004, -0.8484798 ,
       -0.00642306,  0.24749819,  0.04093068]), array([ 0.44743237, -0.09892987, -0.80090372, -0.1360408 ,  0.86440607,
       -0.59293927,  0.19301513, -0.34250645]), array([-0.42558989,  0.20747071,  0.42702456,  0.23303418, -0.31437568,
       -0.03772774,  0.91787355,  0.85232908]), array([-0.00763884,  0.05055861, -0.99433846,  0.19286621,  0.72410853,
        0.11885627,  0.06930273, -0.06583622]), array([-0.16478179, -0.98795477, -0.07512263, -0.71933275, -0.64170871,
       -0.5946511 ,  0.30816364, -0.44227505]), array([ 0.77716273, -0.74864439, -0.71273072,  0.89488061,  0.51263106,
        0.38485908,  0.1923628 , -0.23154066]), array([ 0.99148317, -0.299446  ,  0.21217375, -0.79357455, -0.99909753,
        0.14304529,  0.3594136 ,  0.50084262]), array([-0.24285476,  0.38465739, -0.4045814 ,  0.58395098,  0.53888502,
       -0.44896353, -0.56168527,  0.97386699]), array([-0.02958813,  0.20616261,  0.73706923, -0.21022249, -0.19620011,
       -0.61733042, -0.27408219, -0.72390034]), array([ 0.64029512,  0.06048288, -0.52123388,  0.44209861, -0.62869613,
       -0.20511832, -0.57123473,  0.10563029]), array([-0.89169523, -0.49080756,  0.54014046,  0.21654412, -0.09181653,
        0.81036684, -0.27416353, -0.98436439]), array([ 0.62865323,  0.46097038,  0.81678804,  0.27473837,  0.80670193,
        0.57564134,  0.52117329, -0.44311858]), array([ 0.30814688, -0.51968364, -0.95158918,  0.056128  ,  0.11465449,
       -0.30663086,  0.46540889,  0.09626721])]",-2.229724884033203
2,68,"[array([-0.5309232 ,  0.20100794, -0.53946315,  0.5057417 ,  0.96158136,
       -0.18067124, -0.69254768,  0.67858916, -0.03140333,  0.61788568,
        0.82533962, -0.62808665, -0.43562538, -0.96097407]), array([-0.36641626, -0.27061605,  0.19327477, -0.80884246,  0.81544729,
       -0.28176827, -0.86795015, -0.69286301,  0.07623413, -0.10267698,
        0.76526642, -0.27567601,  0.12410256,  0.94527506]), array([-0.97560004, -0.12146975, -0.1750151 ,  0.96222726, -0.38867736,
       -0.05085091, -0.62429655, -1.06591703,  0.79038244,  0.54643214,
       -0.81133278,  0.27933441,  0.14839076, -0.56662526]), array([-0.28135629, -0.11718589,  0.01681124,  0.30875378,  0.18998074,
        0.65687329,  0.19000423, -0.55818048,  0.13644095, -0.45451647,
        0.93219922, -0.26344946, -0.16085524, -0.05511276]), array([ 0.05608535,  0.49816158, -0.90544632, -0.72271602, -0.50371788,
       -0.37649363,  0.35204849, -0.37175344, -0.87205909,  0.61760169,
       -0.55781924,  0.5991031 ,  0.84171415,  0.93347303]), array([-0.73505233, -0.21102924,  0.35505689, -0.54220349,  0.17279846,
       -0.15761804,  0.74616097, -0.52389854, -0.8979996 , -0.43711739,
       -0.2480215 ,  0.03122744, -0.20639782, -0.86622402])]","[array([-0.68794184, -0.15102778, -0.34634772,  0.9847915 ,  0.25813058,
       -0.55781165,  0.03375047,  0.8222855 , -0.85594334,  0.44151452,
        0.93890081,  0.52701822, -0.00615913,  0.05734971]), array([-0.87440007,  0.28974794,  0.19419038,  0.75513632,  0.98967916,
        0.92461385, -0.62415938, -0.88837014,  0.6344779 , -0.98220138,
        0.13762295, -0.66343862, -0.6240322 ,  0.02095458]), array([ 1.65471217, -0.36784007, -0.67336304, -0.32039061,  0.56831158,
        0.84285076, -0.26443019,  0.83642681, -0.26450804,  0.93799867,
        0.71852379, -0.73165164, -0.40733661,  0.60759807]), array([ 0.3917904 ,  0.00350756, -0.00671716,  0.03449174, -0.3810033 ,
       -0.93410077, -1.34023744,  0.4722343 ,  0.04094463, -0.9865596 ,
        0.10914056, -0.56727543,  0.85129505, -0.14898457]), array([ 0.60703651, -1.80683392, -0.63997487,  0.06819387,  0.16994356,
       -0.90445247,  0.4697865 , -0.55361135,  0.13613819,  0.54615828,
       -0.43182224,  0.14459022, -0.56278497,  0.93283982]), array([ 0.4534187 ,  0.63971106, -0.35032374, -0.53835743, -0.26957953,
        0.32598613,  0.86659259, -0.56565739, -0.33403055, -0.93748659,
       -0.83659841, -0.05608353,  0.53235706, -0.84692365]), array([-0.23465219, -0.08114152,  0.96249085, -0.73204042,  0.47103986,
       -0.2510239 , -0.60362776,  0.1417485 , -0.37289826, -0.07543125,
        0.16495736,  0.58165411, -0.17273451,  0.46607903]), array([ 0.53758243,  0.05875096, -0.7454199 , -0.9587024 , -0.73377774,
        0.25949232,  0.96088272,  0.43668616, -0.33707628,  0.82367256,
        0.41813038, -0.55093843, -0.7062027 , -0.291212  ])]","[array([-0.62426421,  1.33398089,  0.37661785,  0.03215135, -0.0966323 ,
       -0.29891394, -0.90141225, -0.55064639]), array([ 0.78166854,  0.53165231,  0.66431936, -0.22331158,  0.29188374,
        0.82535058, -0.57687837, -0.1568386 ]), array([ 0.28406678, -0.05320938,  0.93516448,  0.38733388,  0.75252754,
        0.3679151 ,  0.3277849 , -0.82823041]), array([ 0.07192587, -0.67073901, -0.89136375, -0.67247191, -0.70867761,
        0.93061185,  0.4863356 ,  0.17619224]), array([-0.26876915,  0.32925059, -0.36883779, -0.84494391,  0.40153138,
       -0.09830963, -0.76550156,  0.96566943]), array([-0.99245238,  0.35985468,  0.41435633, -0.4198841 , -0.35120703,
        0.21113773, -0.02986638,  0.17941431]), array([-0.89231436, -0.21410725, -0.1128007 , -0.49645727, -0.44373731,
        0.03688973, -0.40318022, -0.76765087]), array([-0.50075355, -0.24798856, -0.21578253, -0.38378527,  0.21345936,
       -0.59395769,  0.93988126, -0.54281577]), array([-0.67268955, -0.40114383, -0.61278443,  0.9409014 ,  0.38736058,
        0.43172233, -0.69975261,  0.27945356]), array([ 0.00389319,  0.4884909 ,  0.33038444,  0.90676718, -0.68148365,
       -0.29907808, -0.14418771, -1.64667546]), array([ 0.83875998,  0.66919751,  0.04370721,  0.58854198,  0.04602294,
       -0.28660599,  0.08774596,  0.85024352]), array([-0.14426155, -0.32751538,  0.89782434, -0.8329464 , -0.8820669 ,
        0.87782993,  0.96887938,  0.3151185 ]), array([ 0.67059362,  0.81933141, -0.98744219, -0.96716553, -0.72520472,
        0.69623805, -0.28452271, -0.61184864]), array([ 0.32160041,  0.77314392,  0.49503243, -0.66360263, -0.04387578,
       -0.38752895,  0.94243426, -0.01864969])]",-0.07627010345458984
2,69,"[array([-0.67775271, -0.28473066,  0.50876667,  0.70738752, -0.24196315,
        0.64267561,  0.92646639, -0.0418927 , -0.37911521, -0.325495  ,
        0.48486329,  0.44762756, -0.10610763,  0.98649881]), array([-0.65857563,  0.050483  , -0.65764133,  0.78873409, -0.34581605,
        0.92150346,  0.56894187, -0.53414296,  0.71736542,  0.21228   ,
       -0.0299781 , -0.12745561,  0.30224233,  0.07991436]), array([ 0.93058366, -0.78361246,  0.12098796,  0.92880765,  0.86639247,
        0.33849196,  0.21893298, -0.4397581 ,  0.08889367,  0.02797781,
        0.11897855, -0.61439779, -0.24341268,  0.33460421]), array([-0.66759725, -0.93010939,  0.55286195,  0.33571352, -0.21413111,
        0.46932587,  0.61415466, -0.33705804,  0.74122061, -0.66825499,
       -0.5416544 , -0.11307218, -0.29905602,  1.3244931 ]), array([-0.04166557, -0.69650434,  0.32455258,  0.12326373, -0.80648404,
        0.00632955, -0.8759897 ,  0.81969927,  0.1488231 ,  0.77002011,
        1.09165245,  0.74126904, -0.94642958, -0.91729149]), array([ 0.83489477,  0.42363032, -0.3307384 ,  0.06998104,  0.57899908,
       -0.0391934 ,  0.40063024, -0.73143345, -0.09458753,  0.33009388,
       -0.13998324,  0.29291611,  0.54236844, -0.3783951 ])]","[array([ 0.29826855,  0.23703719, -0.83980075, -0.98590186,  0.45116859,
       -0.27834057,  0.04052742,  0.11002727,  0.40436468,  0.99656793,
       -0.74789216,  0.90882675, -0.73104717,  0.18219827]), array([ 0.00236983, -0.08758177, -0.87146368, -0.25885204,  0.29701015,
        0.66662204,  0.37347602,  0.02465237, -0.90872359,  0.77435834,
       -0.67719398, -0.10407053,  0.25042021, -0.33616507]), array([ 1.06416529,  0.07601736, -0.32789458,  0.13066978,  0.46332964,
        0.81993515,  0.27573384, -0.03770179,  0.96611213, -0.20011274,
        0.23238915, -0.72354111,  0.48181049,  0.82578181]), array([-1.75121654,  0.89696746,  0.40083331, -0.94208815,  0.45469182,
       -0.18365438,  0.22853276, -0.97027518, -0.86370421,  0.84416338,
       -0.36667913,  0.57605185,  0.53592189,  0.53313631]), array([-0.09087459,  0.37417954,  0.87359531, -0.48395809,  0.4806661 ,
       -0.32396845,  0.00615995, -0.92875293, -0.69004968, -0.58079307,
        0.84856446, -0.03369881, -0.07328021, -0.20285765]), array([-0.86858423,  0.12319286, -0.25267418, -0.84609871,  0.38293649,
       -0.37619534, -0.82335112,  0.78739232,  0.43718712, -0.29762264,
       -0.46364781, -0.68222055,  0.64240642,  0.55252614]), array([ 0.20323759,  0.37212937, -0.83757097, -0.83967101, -0.95654344,
        0.08114201, -0.53498814, -0.10277611, -0.47716239, -1.04701641,
       -0.68151338, -0.22322936, -0.72268388, -0.36526303]), array([ 0.76123061, -0.96377644,  0.44648113, -0.16331896, -0.17629356,
       -0.42978169,  0.52630941,  0.70248722, -0.09320657, -0.27675369,
        0.43271204,  0.89707272,  0.22335873, -0.97962434])]","[array([ 0.40061421,  0.31434809,  0.86515893, -0.26586541, -0.11516949,
       -2.33518673,  0.02356543,  0.10588228]), array([ 0.15658511,  0.80487042, -0.05720529, -0.75631263,  0.63067179,
        0.24770865,  0.03022587,  0.8094763 ]), array([-0.15259008,  0.45516592, -0.49747674,  0.09017768, -0.19198565,
       -0.68311775,  0.42874173,  0.82652317]), array([ 2.59827719, -0.56499587,  0.6728656 ,  0.39802171,  0.55995925,
        1.05349257,  0.5726462 ,  0.78416343]), array([ 0.59676566,  0.77718898,  0.47011638, -0.99238639, -0.73120278,
       -0.62482278,  0.23058605,  0.39616994]), array([-0.72373354, -0.19408639,  0.66190487,  0.11755393,  0.05349523,
        0.53944909, -0.14825994,  0.31625318]), array([-0.8735086 , -0.61294244, -0.55359959, -0.23748657,  0.56457589,
        0.24414562,  0.76891192,  0.72265377]), array([-0.2671453 ,  0.43114593,  0.57746206, -0.08539742,  0.11248115,
       -0.42170354,  0.11619225, -0.64780647]), array([ 0.7023521 ,  0.12314326,  0.54872597,  0.27821258,  0.02474942,
        0.29712203, -0.56515965, -0.91732225]), array([ 0.39749926,  0.58298987,  0.59476789,  0.44967847,  0.26267105,
        0.9508298 , -0.08994938, -0.87784072]), array([-0.85281346,  0.09858567, -0.28053946, -0.26804594, -0.70553036,
        0.03885918,  0.47463172,  0.31191408]), array([-0.71327084, -0.2712975 ,  1.19578198, -0.10859396,  0.192305  ,
        0.18489814,  0.26300397, -0.94639025]), array([-1.66875687,  0.07628442, -0.43528021,  0.82150178, -1.54765706,
        1.89327775, -0.48034464,  0.92803352]), array([ 0.08183393,  0.67209942, -0.237372  ,  0.33492236,  0.16061903,
        0.49435056, -0.66956475, -0.23738256])]",1.5226980209350587
